10:  3 1 2 4 
10:  3 2 1 4 
11:  4 2 1 4 
11:  2 4 1 4 
11:  4 1 2 4 
11:  3 0 4 4 
11:  3 1 2 5 
11:  3 1 3 4 
11:  3 2 1 5 
11:  3 2 2 4 
11:  3 3 1 4 
12:  2 3 3 4 
12:  3 0 5 4 
12:  4 1 2 5 
12:  2 4 1 5 
12:  5 2 1 4 
12:  2 4 2 4 
12:  3 2 2 5 
12:  2 5 1 4 
12:  3 2 3 4 
12:  4 2 2 4 
12:  4 1 3 4 
12:  3 1 2 6 
12:  4 0 4 4 
12:  3 1 3 5 
12:  3 1 4 4 
12:  4 3 1 4 
12:  4 2 1 5 
12:  3 2 1 6 
12:  3 0 4 5 
12:  5 1 2 4 
12:  3 3 1 5 
12:  3 3 2 4 
12:  3 4 1 4 
13:  2 4 3 4 
13:  5 2 2 4 
13:  5 1 3 4 
13:  2 6 1 4 
13:  4 1 3 5 
13:  4 1 2 6 
13:  4 1 4 4 
13:  2 4 2 5 
13:  3 4 2 4 
13:  2 4 1 6 
13:  6 2 1 4 
13:  5 2 1 5 
13:  2 5 2 4 
13:  1 6 2 4 
13:  2 5 1 5 
13:  3 0 4 6 
13:  2 3 4 4 
13:  2 2 5 4 
13:  2 3 3 5 
13:  4 2 2 5 
13:  4 3 2 4 
13:  5 1 2 5 
13:  3 1 2 7 
13:  4 2 1 6 
13:  3 0 6 4 
13:  3 1 3 6 
13:  4 0 5 4 
13:  3 1 4 5 
13:  3 1 5 4 
13:  4 3 1 5 
13:  1 7 1 4 
13:  4 0 4 5 
13:  3 2 1 7 
13:  6 1 2 4 
13:  3 2 2 6 
13:  3 2 3 5 
13:  3 2 4 4 
13:  5 0 4 4 
13:  4 2 3 4 
13:  3 5 1 4 
13:  3 3 1 6 
13:  3 0 5 5 
13:  3 3 2 5 
13:  3 3 3 4 
13:  4 4 1 4 
13:  5 3 1 4 
13:  3 4 1 5 
14:  2 2 5 5 
14:  1 7 2 4 
14:  4 2 2 6 
14:  6 3 1 4 
14:  2 6 1 5 
14:  2 2 6 4 
14:  5 3 1 5 
14:  4 1 3 6 
14:  3 4 2 5 
14:  5 2 3 4 
14:  3 5 2 4 
14:  2 4 2 6 
14:  6 2 2 4 
14:  4 1 2 7 
14:  6 2 1 5 
14:  4 2 1 7 
14:  3 0 7 4 
14:  1 8 1 4 
14:  3 4 3 4 
14:  1 6 2 5 
14:  2 4 4 4 
14:  4 3 1 6 
14:  2 6 2 4 
14:  5 2 2 5 
14:  5 3 2 4 
14:  2 5 3 4 
14:  2 5 2 5 
14:  2 4 1 7 
14:  7 1 2 4 
14:  3 0 6 5 
14:  5 2 1 6 
14:  2 5 1 6 
14:  4 4 2 4 
14:  4 2 4 4 
14:  2 1 7 4 
14:  2 3 3 6 
14:  7 2 1 4 
14:  3 1 1 9 
14:  2 7 1 4 
14:  3 0 5 6 
14:  4 5 1 4 
14:  5 4 1 4 
14:  3 1 2 8 
14:  2 4 3 5 
14:  4 3 3 4 
14:  3 0 4 7 
14:  3 1 3 7 
14:  4 1 4 5 
14:  2 3 4 5 
14:  3 1 4 6 
14:  2 3 5 4 
14:  3 1 5 5 
14:  3 1 6 4 
14:  5 0 5 4 
14:  3 2 0 9 
14:  4 0 4 6 
14:  5 1 4 4 
14:  4 0 6 4 
14:  4 2 3 5 
14:  3 2 1 8 
14:  0 9 1 4 
14:  5 1 2 6 
14:  3 2 2 7 
14:  1 6 3 4 
14:  3 2 3 6 
14:  4 3 2 5 
14:  3 2 4 5 
14:  3 2 5 4 
14:  5 0 4 5 
14:  3 6 1 4 
14:  5 1 3 5 
14:  1 5 4 4 
14:  3 5 1 5 
14:  3 3 1 7 
14:  6 1 3 4 
14:  6 0 4 4 
14:  3 3 2 6 
14:  6 1 2 5 
14:  3 3 3 5 
14:  3 3 4 4 
14:  4 0 5 5 
14:  4 4 1 5 
14:  4 1 5 4 
14:  1 7 1 5 
14:  3 4 1 6 
15:  3 0 6 6 
15:  1 7 2 5 
15:  2 2 5 6 
15:  2 6 2 5 
15:  1 7 3 4 
15:  3 4 4 4 
15:  6 1 4 4 
15:  6 3 1 5 
15:  2 4 2 7 
15:  4 4 2 5 
15:  2 6 1 6 
15:  5 1 3 6 
15:  3 0 5 7 
15:  2 1 7 5 
15:  2 2 6 5 
15:  4 1 3 7 
15:  2 4 5 4 
15:  6 0 5 4 
15:  4 0 7 4 
15:  6 2 3 4 
15:  1 6 4 4 
15:  2 3 3 7 
15:  6 2 2 5 
15:  3 0 4 8 
15:  2 2 7 4 
15:  6 2 1 6 
15:  4 1 2 8 
15:  3 0 3 9 
15:  4 5 2 4 
15:  2 4 0 9 
15:  4 0 6 5 
15:  5 0 6 4 
15:  4 2 0 9 
15:  1 8 1 5 
15:  7 3 1 4 
15:  2 1 8 4 
15:  4 1 1 9 
15:  1 8 2 4 
15:  5 3 1 6 
15:  2 8 1 4 
15:  2 7 1 5 
15:  1 4 6 4 
15:  0 8 3 4 
15:  2 5 4 4 
15:  2 5 3 5 
15:  6 1 2 6 
15:  5 2 4 4 
15:  2 5 2 6 
15:  5 1 5 4 
15:  2 4 1 8 
15:  5 5 1 4 
15:  4 0 5 6 
15:  5 1 4 5 
15:  1 6 3 5 
15:  6 0 4 5 
15:  2 5 1 7 
15:  3 5 1 6 
15:  5 4 2 4 
15:  4 2 5 4 
15:  3 7 1 4 
15:  6 1 3 5 
15:  3 5 2 5 
15:  2 0 9 4 
15:  4 3 4 4 
15:  3 0 8 4 
15:  4 2 4 5 
15:  3 5 3 4 
15:  4 5 1 5 
15:  4 4 3 4 
15:  6 4 1 4 
15:  4 3 3 5 
15:  3 1 2 9 
15:  2 7 2 4 
15:  4 2 3 6 
15:  7 0 4 4 
15:  3 1 7 4 
15:  3 1 3 8 
15:  2 3 4 6 
15:  7 2 2 4 
15:  0 9 1 5 
15:  3 1 4 7 
15:  4 6 1 4 
15:  4 0 4 7 
15:  3 1 5 6 
15:  4 3 2 6 
15:  3 1 6 5 
15:  5 0 5 5 
15:  0 9 2 4 
15:  4 2 2 7 
15:  1 5 4 5 
15:  2 3 5 5 
15:  4 3 1 7 
15:  7 2 1 5 
15:  5 3 3 4 
15:  3 2 1 9 
15:  1 5 5 4 
15:  5 2 1 7 
15:  7 1 3 4 
15:  3 2 2 8 
15:  1 9 1 4 
15:  5 1 2 7 
15:  7 1 2 5 
15:  3 2 3 7 
15:  4 2 1 8 
15:  3 6 1 5 
15:  3 2 4 6 
15:  1 6 2 6 
15:  3 2 5 5 
15:  3 2 6 4 
15:  5 0 4 6 
15:  2 4 3 6 
15:  5 2 3 5 
15:  8 2 1 4 
15:  3 3 0 9 
15:  4 1 6 4 
15:  3 0 7 5 
15:  4 1 5 5 
15:  2 3 6 4 
15:  3 3 1 8 
15:  3 4 2 6 
15:  4 1 4 6 
15:  5 3 2 5 
15:  3 3 2 7 
15:  6 3 2 4 
15:  5 2 2 6 
15:  3 3 3 6 
15:  2 6 3 4 
15:  3 3 4 5 
15:  3 6 2 4 
15:  3 3 5 4 
15:  2 4 4 5 
15:  4 4 1 6 
15:  8 1 2 4 
15:  3 4 3 5 
15:  1 7 1 6 
15:  5 4 1 5 
15:  3 4 1 7 
16:  4 3 5 4 
16:  2 9 1 4 
16:  3 5 1 7 
16:  4 5 1 6 
16:  4 1 3 8 
16:  4 3 4 5 
16:  3 5 2 6 
16:  2 2 6 6 
16:  5 2 2 7 
16:  6 2 4 4 
16:  7 2 3 4 
16:  3 5 3 5 
16:  6 2 3 5 
16:  4 3 3 6 
16:  3 5 4 4 
16:  4 4 3 5 
16:  5 2 5 4 
16:  6 2 2 6 
16:  4 0 4 8 
16:  7 2 2 5 
16:  6 0 6 4 
16:  4 1 2 9 
16:  5 3 4 4 
16:  6 2 1 7 
16:  4 3 2 7 
16:  0 9 1 6 
16:  0 9 2 5 
16:  2 2 7 5 
16:  2 4 6 4 
16:  3 8 1 4 
16:  4 7 1 4 
16:  4 3 1 8 
16:  0 9 3 4 
16:  2 3 4 7 
16:  7 2 1 6 
16:  1 8 1 6 
16:  5 3 3 5 
16:  4 3 0 9 
16:  5 1 1 9 
16:  7 1 4 4 
16:  1 8 2 5 
16:  7 1 3 5 
16:  5 2 0 9 
16:  2 3 7 4 
16:  7 1 2 6 
16:  1 8 3 4 
16:  2 2 8 4 
16:  5 1 2 8 
16:  3 6 1 6 
16:  2 4 1 9 
16:  4 0 8 4 
16:  5 6 1 4 
16:  2 5 5 4 
16:  5 3 2 6 
16:  2 5 4 5 
16:  6 1 4 5 
16:  5 2 4 5 
16:  2 5 3 6 
16:  3 6 2 5 
16:  2 4 5 5 
16:  2 5 2 7 
16:  4 4 4 4 
16:  6 1 5 4 
16:  1 3 8 4 
16:  4 0 3 9 
16:  5 5 2 4 
16:  5 1 3 7 
16:  2 8 2 4 
16:  5 5 1 5 
16:  3 6 3 4 
16:  2 8 1 5 
16:  5 3 1 7 
16:  6 1 2 7 
16:  1 4 6 5 
16:  4 2 6 4 
16:  5 2 1 8 
16:  5 4 3 4 
16:  4 2 5 5 
16:  5 2 3 6 
16:  5 4 2 5 
16:  2 3 2 9 
16:  1 4 7 4 
16:  6 0 5 5 
16:  7 0 5 4 
16:  4 2 4 6 
16:  6 1 3 6 
16:  4 2 3 7 
16:  2 0 9 5 
16:  7 0 4 5 
16:  1 9 1 5 
16:  4 2 2 8 
16:  3 0 7 6 
16:  1 5 4 6 
16:  3 0 8 5 
16:  3 0 9 4 
16:  5 0 5 6 
16:  1 5 5 5 
16:  4 2 1 9 
16:  1 5 6 4 
16:  2 4 4 6 
16:  6 5 1 4 
16:  5 1 4 6 
16:  2 7 3 4 
16:  2 1 7 6 
16:  2 3 5 6 
16:  6 4 2 4 
16:  2 7 2 5 
16:  6 4 1 5 
16:  3 1 3 9 
16:  2 7 1 6 
16:  1 6 2 7 
16:  1 6 3 6 
16:  2 1 8 5 
16:  3 1 4 8 
16:  1 6 4 5 
16:  2 4 3 7 
16:  3 7 1 5 
16:  3 1 5 7 
16:  1 6 5 4 
16:  3 4 2 7 
16:  3 1 6 6 
16:  5 1 5 5 
16:  3 1 7 5 
16:  2 5 0 9 
16:  8 3 1 4 
16:  3 1 8 4 
16:  4 6 1 5 
16:  5 1 6 4 
16:  2 1 9 4 
16:  4 1 7 4 
16:  4 1 6 5 
16:  3 7 2 4 
16:  5 4 1 6 
16:  3 0 6 7 
16:  2 5 1 8 
16:  4 6 2 4 
16:  4 1 5 6 
16:  3 4 3 6 
16:  3 2 2 9 
16:  3 4 4 5 
16:  1 9 2 4 
16:  3 0 5 8 
16:  4 1 4 7 
16:  3 2 3 8 
16:  2 4 2 8 
16:  6 3 3 4 
16:  3 4 5 4 
16:  3 2 4 7 
16:  2 6 4 4 
16:  4 4 2 6 
16:  3 2 5 6 
16:  5 0 4 7 
16:  2 3 6 5 
16:  3 2 6 5 
16:  6 3 2 5 
16:  8 2 2 4 
16:  3 2 7 4 
16:  0 7 5 4 
16:  2 6 3 5 
16:  8 2 1 5 
16:  4 0 7 5 
16:  3 0 4 9 
16:  4 0 6 6 
16:  7 4 1 4 
16:  4 5 2 5 
16:  7 3 2 4 
16:  1 7 1 7 
16:  3 3 1 9 
16:  7 3 1 5 
16:  2 6 2 6 
16:  9 1 2 4 
16:  9 2 1 4 
16:  3 3 2 8 
16:  1 7 2 6 
16:  2 3 3 8 
16:  4 0 5 7 
16:  3 3 3 7 
16:  2 2 5 7 
16:  5 0 6 5 
16:  3 3 4 6 
16:  1 7 3 5 
16:  0 8 3 5 
16:  3 3 5 5 
16:  6 0 4 6 
16:  8 1 3 4 
16:  3 3 6 4 
16:  6 3 1 6 
16:  4 4 1 7 
16:  8 1 2 5 
16:  5 0 7 4 
16:  8 0 4 4 
16:  3 4 0 9 
16:  1 7 4 4 
16:  4 5 3 4 
16:  2 6 1 7 
16:  0 8 4 4 
16:  3 4 1 8 
17:  5 4 3 5 
17:  5 4 2 6 
17:  6 1 3 7 
17:  5 4 1 7 
17:  1 9 1 6 
17:  1 9 2 5 
17:  1 9 3 4 
17:  6 0 4 7 
17:  5 3 5 4 
17:  3 9 1 4 
17:  4 7 1 5 
17:  5 3 4 5 
17:  5 3 3 6 
17:  5 3 2 7 
17:  6 1 2 8 
17:  5 3 1 8 
17:  2 0 9 6 
17:  2 1 7 7 
17:  5 3 0 9 
17:  2 1 8 6 
17:  2 1 9 5 
17:  5 2 6 4 
17:  5 2 5 5 
17:  2 2 4 9 
17:  2 2 5 8 
17:  2 2 6 7 
17:  2 2 7 6 
17:  5 2 4 6 
17:  2 2 8 5 
17:  2 2 9 4 
17:  5 2 3 7 
17:  5 6 1 5 
17:  2 3 3 9 
17:  2 3 4 8 
17:  2 3 5 7 
17:  2 3 6 6 
17:  2 3 7 5 
17:  5 2 2 8 
17:  2 3 8 4 
17:  3 4 1 9 
17:  5 2 1 9 
17:  2 4 2 9 
17:  2 4 3 8 
17:  2 4 4 7 
17:  2 4 5 6 
17:  2 4 6 5 
17:  4 0 4 9 
17:  2 4 7 4 
17:  4 0 5 8 
17:  4 0 6 7 
17:  4 0 7 6 
17:  2 5 1 9 
17:  2 5 2 8 
17:  2 5 3 7 
17:  2 5 4 6 
17:  4 6 3 4 
17:  2 5 5 5 
17:  4 0 8 5 
17:  2 5 6 4 
17:  4 0 9 4 
17:  4 6 2 5 
17:  5 1 7 4 
17:  2 6 0 9 
17:  2 6 1 8 
17:  2 6 2 7 
17:  4 1 3 9 
17:  2 6 3 6 
17:  2 6 4 5 
17:  4 1 4 8 
17:  2 6 5 4 
17:  4 1 5 7 
17:  4 1 6 6 
17:  4 1 7 5 
17:  4 6 1 6 
17:  5 1 6 5 
17:  4 1 8 4 
17:  5 1 5 6 
17:  2 7 1 7 
17:  2 7 2 6 
17:  2 7 3 5 
17:  5 1 4 7 
17:  2 7 4 4 
17:  4 2 2 9 
17:  4 2 3 8 
17:  4 2 4 7 
17:  6 1 1 9 
17:  4 2 5 6 
17:  4 2 6 5 
17:  2 8 1 6 
17:  5 6 2 4 
17:  2 8 2 5 
17:  4 2 7 4 
17:  2 8 3 4 
17:  5 1 3 8 
17:  5 1 2 9 
17:  4 3 1 9 
17:  4 3 2 8 
17:  4 3 3 7 
17:  4 3 4 6 
17:  2 9 1 5 
17:  4 3 5 5 
17:  2 9 2 4 
17:  4 5 1 7 
17:  5 0 8 4 
17:  4 3 6 4 
17:  5 0 7 5 
17:  4 5 3 5 
17:  5 0 6 6 
17:  9 3 1 4 
17:  9 2 2 4 
17:  9 2 1 5 
17:  9 1 3 4 
17:  9 1 2 5 
17:  9 0 4 4 
17:  8 4 1 4 
17:  6 0 7 4 
17:  3 0 5 9 
17:  3 0 6 8 
17:  3 4 2 8 
17:  3 0 7 7 
17:  0 6 7 4 
17:  3 4 3 7 
17:  3 0 8 6 
17:  5 0 5 7 
17:  8 3 2 4 
17:  3 4 4 6 
17:  3 0 9 5 
17:  3 4 5 5 
17:  8 3 1 5 
17:  0 7 5 5 
17:  7 4 2 4 
17:  3 4 6 4 
17:  0 7 6 4 
17:  4 4 2 7 
17:  7 4 1 5 
17:  7 3 3 4 
17:  7 3 2 5 
17:  7 3 1 6 
17:  7 2 4 4 
17:  5 5 2 5 
17:  0 8 3 6 
17:  7 2 3 5 
17:  3 5 0 9 
17:  0 8 4 5 
17:  0 8 5 4 
17:  3 5 1 8 
17:  3 5 2 7 
17:  3 1 4 9 
17:  3 5 3 6 
17:  3 5 4 5 
17:  7 2 2 6 
17:  3 5 5 4 
17:  3 1 5 8 
17:  4 4 3 6 
17:  6 1 4 6 
17:  0 9 1 7 
17:  3 1 6 7 
17:  0 9 2 6 
17:  7 2 1 7 
17:  3 1 7 6 
17:  0 9 3 5 
17:  0 9 4 4 
17:  4 5 2 6 
17:  3 1 8 5 
17:  3 1 9 4 
17:  5 0 4 8 
17:  8 2 3 4 
17:  8 2 2 5 
17:  7 1 5 4 
17:  7 1 4 5 
17:  7 1 3 6 
17:  7 1 2 7 
17:  3 6 1 7 
17:  5 0 3 9 
17:  5 5 3 4 
17:  3 6 2 6 
17:  1 3 8 5 
17:  3 6 3 5 
17:  1 3 9 4 
17:  4 4 4 5 
17:  7 0 6 4 
17:  3 6 4 4 
17:  1 4 6 6 
17:  1 4 7 5 
17:  7 0 5 5 
17:  1 4 8 4 
17:  3 2 3 9 
17:  7 0 4 6 
17:  1 5 4 7 
17:  6 6 1 4 
17:  1 5 5 6 
17:  3 2 4 8 
17:  1 5 6 5 
17:  6 5 2 4 
17:  6 5 1 5 
17:  3 2 5 7 
17:  1 5 7 4 
17:  6 4 3 4 
17:  6 4 2 5 
17:  3 2 6 6 
17:  6 4 1 6 
17:  1 6 1 9 
17:  1 6 2 8 
17:  3 2 7 5 
17:  1 6 3 7 
17:  8 2 1 6 
17:  3 2 8 4 
17:  4 4 5 4 
17:  1 6 4 6 
17:  1 6 5 5 
17:  4 4 0 9 
17:  8 1 4 4 
17:  8 1 3 5 
17:  3 7 1 6 
17:  1 6 6 4 
17:  3 7 2 5 
17:  6 3 4 4 
17:  3 7 3 4 
17:  6 3 3 5 
17:  6 3 2 6 
17:  4 8 1 4 
17:  1 7 0 9 
17:  1 7 1 8 
17:  1 7 2 7 
17:  6 3 1 7 
17:  3 3 2 9 
17:  1 7 3 6 
17:  1 7 4 5 
17:  1 7 5 4 
17:  6 2 5 4 
17:  3 3 3 8 
17:  6 2 4 5 
17:  6 2 3 6 
17:  6 0 6 5 
17:  3 3 4 7 
17:  6 2 2 7 
17:  6 2 1 8 
17:  6 0 5 6 
17:  3 3 5 6 
17:  3 8 1 5 
17:  1 8 1 7 
17:  1 8 2 6 
17:  3 3 6 5 
17:  4 5 4 4 
17:  8 1 2 6 
17:  3 3 7 4 
17:  1 8 3 5 
17:  6 2 0 9 
17:  3 8 2 4 
17:  4 4 1 8 
17:  8 0 5 4 
17:  8 0 4 5 
17:  1 8 4 4 
17:  7 5 1 4 
17:  6 1 6 4 
17:  6 1 5 5 
17:  4 7 2 4 
17:  5 5 1 6 
17:  5 7 1 4 
17:  5 4 4 4 
18:  4 2 5 7 
18:  4 5 5 4 
18:  3 6 4 5 
18:  1 4 6 7 
18:  1 9 4 4 
18:  4 2 6 6 
18:  7 0 5 6 
18:  3 6 3 6 
18:  2 4 8 4 
18:  2 8 1 7 
18:  2 3 4 9 
18:  1 3 9 5 
18:  7 0 6 5 
18:  4 0 5 9 
18:  2 8 2 6 
18:  5 1 3 9 
18:  6 0 4 8 
18:  4 2 7 5 
18:  5 3 6 4 
18:  2 8 3 5 
18:  4 5 4 5 
18:  1 9 3 5 
18:  1 3 8 6 
18:  3 6 2 7 
18:  2 8 4 4 
18:  4 2 8 4 
18:  4 5 0 9 
18:  3 6 1 8 
18:  3 6 0 9 
18:  5 2 3 8 
18:  7 0 7 4 
18:  7 1 1 9 
18:  7 1 2 8 
18:  7 1 3 7 
18:  7 1 4 6 
18:  7 1 5 5 
18:  0 9 5 4 
18:  7 1 6 4 
18:  7 2 0 9 
18:  0 9 4 5 
18:  4 4 3 7 
18:  0 9 3 6 
18:  3 5 6 4 
18:  4 0 6 8 
18:  0 9 2 7 
18:  7 2 1 8 
18:  0 9 1 8 
18:  0 9 0 9 
18:  4 6 3 5 
18:  3 5 5 5 
18:  5 5 2 6 
18:  3 5 4 6 
18:  7 2 2 7 
18:  4 7 1 6 
18:  4 3 3 8 
18:  3 5 3 7 
18:  3 5 2 8 
18:  0 8 6 4 
18:  1 9 2 6 
18:  4 3 4 7 
18:  3 5 1 9 
18:  0 8 5 5 
18:  2 2 9 5 
18:  2 9 1 6 
18:  5 0 9 4 
18:  0 8 4 6 
18:  1 9 1 7 
18:  5 5 4 4 
18:  2 9 2 5 
18:  4 3 5 6 
18:  5 4 1 8 
18:  5 0 8 5 
18:  5 4 2 7 
18:  2 9 3 4 
18:  5 4 3 6 
18:  4 3 6 5 
18:  4 5 1 8 
18:  5 0 7 6 
18:  5 4 4 5 
18:  0 8 3 7 
18:  4 3 7 4 
18:  2 2 8 6 
18:  5 0 6 7 
18:  5 4 5 4 
18:  7 2 3 6 
18:  9 4 1 4 
18:  9 3 2 4 
18:  9 3 1 5 
18:  5 5 1 7 
18:  9 2 3 4 
18:  9 2 2 5 
18:  6 1 4 7 
18:  9 2 1 6 
18:  6 1 5 6 
18:  7 2 4 5 
18:  9 1 4 4 
18:  9 1 3 5 
18:  5 2 4 7 
18:  9 1 2 6 
18:  2 5 2 9 
18:  7 2 5 4 
18:  9 0 5 4 
18:  7 3 1 7 
18:  9 0 4 5 
18:  4 7 2 5 
18:  8 5 1 4 
18:  6 0 8 4 
18:  8 4 2 4 
18:  8 4 1 5 
18:  3 8 3 4 
18:  8 3 3 4 
18:  8 3 2 5 
18:  7 3 2 6 
18:  6 0 7 5 
18:  1 8 5 4 
18:  7 3 3 5 
18:  7 3 4 4 
18:  4 4 2 8 
18:  3 4 7 4 
18:  0 7 7 4 
18:  7 4 1 6 
18:  0 7 6 5 
18:  3 4 6 5 
18:  0 7 5 6 
18:  7 4 2 5 
18:  3 4 5 6 
18:  7 4 3 4 
18:  2 2 7 7 
18:  3 4 4 7 
18:  0 6 8 4 
18:  3 4 3 8 
18:  0 6 7 5 
18:  2 5 3 8 
18:  3 0 6 9 
18:  3 4 2 9 
18:  0 5 9 4 
18:  4 0 7 7 
18:  6 1 6 5 
18:  3 0 7 8 
18:  5 0 5 8 
18:  6 1 7 4 
18:  2 2 6 8 
18:  2 5 4 7 
18:  3 0 8 7 
18:  2 2 5 9 
18:  4 7 3 4 
18:  1 8 4 5 
18:  5 2 5 6 
18:  3 0 9 6 
18:  2 5 5 6 
18:  8 3 1 6 
18:  3 8 2 5 
18:  4 6 4 4 
18:  4 0 8 6 
18:  2 1 9 6 
18:  2 5 6 5 
18:  4 6 2 6 
18:  1 8 3 6 
18:  1 8 2 7 
18:  5 2 6 5 
18:  2 5 7 4 
18:  4 0 9 5 
18:  5 2 7 4 
18:  5 1 8 4 
18:  5 1 7 5 
18:  2 1 8 7 
18:  3 8 1 6 
18:  1 8 1 8 
18:  1 8 0 9 
18:  6 1 3 8 
18:  6 0 5 7 
18:  4 4 6 4 
18:  6 2 1 9 
18:  6 2 2 8 
18:  6 2 3 7 
18:  1 7 6 4 
18:  3 1 5 9 
18:  6 2 4 6 
18:  6 2 5 5 
18:  2 3 8 5 
18:  1 7 5 5 
18:  3 1 6 8 
18:  6 2 6 4 
18:  5 4 0 9 
18:  6 3 0 9 
18:  1 7 4 6 
18:  3 1 7 7 
18:  2 4 3 9 
18:  2 6 1 9 
18:  1 7 3 7 
18:  1 7 2 8 
18:  3 1 8 6 
18:  5 0 4 9 
18:  8 2 4 4 
18:  8 2 3 5 
18:  1 7 1 9 
18:  3 1 9 5 
18:  2 1 7 8 
18:  2 6 2 8 
18:  8 2 2 6 
18:  2 1 6 9 
18:  5 5 3 5 
18:  6 3 1 8 
18:  5 7 1 5 
18:  2 6 3 7 
18:  4 8 1 5 
18:  2 3 9 4 
18:  3 7 4 4 
18:  5 6 1 6 
18:  2 6 4 6 
18:  6 3 2 7 
18:  4 8 2 4 
18:  2 4 4 8 
18:  2 0 9 7 
18:  2 6 5 5 
18:  4 1 4 9 
18:  3 7 3 5 
18:  6 3 3 6 
18:  4 5 3 6 
18:  2 6 6 4 
18:  6 1 2 9 
18:  4 1 5 8 
18:  1 6 7 4 
18:  3 7 2 6 
18:  6 3 4 5 
18:  3 2 4 9 
18:  5 3 1 9 
18:  4 1 6 7 
18:  4 6 1 7 
18:  5 1 6 6 
18:  3 2 5 8 
18:  1 6 6 5 
18:  2 3 7 6 
18:  4 1 7 6 
18:  2 4 5 7 
18:  3 2 6 7 
18:  5 6 3 4 
18:  4 4 5 5 
18:  5 3 2 8 
18:  4 1 8 5 
18:  3 2 7 6 
18:  3 7 1 7 
18:  8 2 1 7 
18:  5 1 5 7 
18:  3 9 2 4 
18:  3 2 8 5 
18:  1 6 5 6 
18:  4 1 9 4 
18:  1 6 4 7 
18:  8 1 5 4 
18:  3 2 9 4 
18:  2 7 0 9 
18:  8 1 4 5 
18:  1 6 3 8 
18:  8 1 3 6 
18:  1 6 2 9 
18:  6 0 6 6 
18:  5 2 2 9 
18:  2 7 1 8 
18:  5 8 1 4 
18:  6 3 5 4 
18:  6 4 1 7 
18:  2 4 6 6 
18:  2 7 2 7 
18:  6 4 2 6 
18:  5 1 4 8 
18:  1 5 8 4 
18:  5 3 3 7 
18:  2 7 3 6 
18:  3 9 1 5 
18:  6 4 3 5 
18:  5 7 2 4 
18:  2 3 6 7 
18:  2 7 4 5 
18:  3 3 3 9 
18:  6 4 4 4 
18:  1 5 7 5 
18:  6 5 1 6 
18:  1 5 6 6 
18:  3 3 4 8 
18:  2 7 5 4 
18:  6 5 2 5 
18:  6 5 3 4 
18:  1 5 5 7 
18:  3 3 5 7 
18:  1 5 4 8 
18:  1 5 3 9 
18:  6 6 1 5 
18:  6 6 2 4 
18:  3 3 6 6 
18:  2 3 5 8 
18:  8 1 2 7 
18:  4 9 1 4 
18:  6 7 1 4 
18:  3 3 7 5 
18:  1 4 9 4 
18:  4 5 2 7 
18:  2 4 7 5 
18:  8 0 6 4 
18:  3 3 8 4 
18:  4 2 3 9 
18:  8 0 5 5 
18:  3 6 5 4 
18:  8 0 4 6 
18:  1 4 8 5 
18:  4 4 1 9 
18:  7 0 4 7 
18:  7 6 1 4 
18:  7 5 2 4 
18:  7 5 1 5 
18:  5 3 4 6 
18:  4 2 4 8 
18:  5 6 2 5 
18:  1 4 7 6 
18:  4 4 4 6 
18:  6 0 3 9 
18:  5 3 5 5 
18:  4 3 2 9 
19:  2 4 4 9 
19:  0 5 9 5 
19:  5 4 1 9 
19:  5 4 2 8 
19:  5 4 3 7 
19:  5 4 4 6 
19:  5 4 5 5 
19:  0 6 7 6 
19:  5 4 6 4 
19:  5 7 2 5 
19:  5 5 0 9 
19:  0 6 8 5 
19:  2 6 2 9 
19:  2 6 3 8 
19:  5 5 1 8 
19:  2 6 4 7 
19:  0 6 9 4 
19:  6 1 4 8 
19:  6 1 5 7 
19:  2 6 5 6 
19:  6 1 6 6 
19:  6 1 7 5 
19:  6 1 8 4 
19:  0 7 5 7 
19:  2 6 6 5 
19:  6 2 2 9 
19:  0 7 6 6 
19:  6 2 3 8 
19:  6 2 4 7 
19:  6 2 5 6 
19:  0 7 7 5 
19:  2 6 7 4 
19:  6 2 6 5 
19:  6 2 7 4 
19:  6 3 1 9 
19:  0 7 8 4 
19:  6 3 2 8 
19:  6 3 3 7 
19:  6 3 4 6 
19:  6 3 5 5 
19:  6 3 6 4 
19:  6 4 0 9 
19:  6 4 1 8 
19:  5 5 5 4 
19:  6 4 2 7 
19:  6 4 3 6 
19:  0 8 2 9 
19:  0 8 3 8 
19:  6 4 4 5 
19:  0 8 4 7 
19:  6 4 5 4 
19:  6 5 1 7 
19:  0 8 5 6 
19:  2 7 1 9 
19:  2 7 2 8 
19:  6 5 2 6 
19:  0 8 6 5 
19:  2 7 3 7 
19:  6 5 3 5 
19:  6 5 4 4 
19:  2 7 4 6 
19:  0 8 7 4 
19:  6 6 1 6 
19:  6 6 2 5 
19:  6 6 3 4 
19:  2 7 5 5 
19:  6 7 1 5 
19:  6 7 2 4 
19:  6 8 1 4 
19:  7 0 3 9 
19:  2 7 6 4 
19:  7 0 4 8 
19:  7 0 5 7 
19:  7 0 6 6 
19:  7 0 7 5 
19:  7 0 8 4 
19:  5 5 2 7 
19:  0 9 1 9 
19:  0 9 2 8 
19:  7 1 2 9 
19:  0 9 3 7 
19:  7 1 3 8 
19:  7 1 4 7 
19:  0 9 4 6 
19:  7 1 5 6 
19:  7 1 6 5 
19:  7 1 7 4 
19:  0 9 5 5 
19:  7 2 1 9 
19:  7 2 2 8 
19:  7 2 3 7 
19:  7 2 4 6 
19:  0 9 6 4 
19:  7 2 5 5 
19:  7 2 6 4 
19:  7 3 0 9 
19:  7 3 1 8 
19:  7 3 2 7 
19:  7 3 3 6 
19:  7 3 4 5 
19:  2 8 0 9 
19:  2 8 1 8 
19:  7 3 5 4 
19:  2 8 2 7 
19:  7 4 1 7 
19:  7 4 2 6 
19:  2 8 3 6 
19:  7 4 3 5 
19:  7 4 4 4 
19:  7 5 1 6 
19:  2 8 4 5 
19:  7 5 2 5 
19:  6 1 3 9 
19:  7 5 3 4 
19:  7 6 1 5 
19:  1 3 8 7 
19:  7 6 2 4 
19:  2 8 5 4 
19:  1 3 9 6 
19:  7 7 1 4 
19:  8 0 4 7 
19:  8 0 5 6 
19:  1 4 5 9 
19:  1 4 6 8 
19:  8 0 6 5 
19:  1 4 7 7 
19:  8 0 7 4 
19:  8 1 1 9 
19:  1 4 8 6 
19:  8 1 2 8 
19:  8 1 3 7 
19:  8 1 4 6 
19:  1 4 9 5 
19:  8 1 5 5 
19:  8 1 6 4 
19:  8 2 0 9 
19:  8 2 1 8 
19:  1 5 4 9 
19:  1 5 5 8 
19:  8 2 2 7 
19:  1 5 6 7 
19:  8 2 3 6 
19:  8 2 4 5 
19:  1 5 7 6 
19:  8 2 5 4 
19:  8 3 1 7 
19:  8 3 2 6 
19:  1 5 8 5 
19:  8 3 3 5 
19:  8 3 4 4 
19:  8 4 1 6 
19:  8 4 2 5 
19:  1 5 9 4 
19:  8 4 3 4 
19:  8 5 1 5 
19:  8 5 2 4 
19:  6 0 9 4 
19:  8 6 1 4 
19:  1 6 3 9 
19:  1 6 4 8 
19:  9 0 4 6 
19:  1 6 5 7 
19:  9 0 5 5 
19:  2 9 1 7 
19:  1 6 6 6 
19:  9 0 6 4 
19:  9 1 2 7 
19:  2 9 2 6 
19:  1 6 7 5 
19:  9 1 3 6 
19:  9 1 4 5 
19:  9 1 5 4 
19:  9 2 1 7 
19:  1 6 8 4 
19:  9 2 2 6 
19:  9 2 3 5 
19:  9 2 4 4 
19:  9 3 1 6 
19:  2 9 4 4 
19:  9 3 2 5 
19:  9 3 3 4 
19:  9 4 1 5 
19:  9 4 2 4 
19:  9 5 1 4 
19:  1 7 2 9 
19:  1 7 3 8 
19:  6 0 8 5 
19:  1 7 4 7 
19:  6 0 7 6 
19:  3 0 7 9 
19:  1 7 5 6 
19:  3 0 8 8 
19:  3 0 9 7 
19:  3 1 6 9 
19:  1 7 6 5 
19:  3 1 7 8 
19:  3 1 8 7 
19:  3 1 9 6 
19:  3 2 5 9 
19:  1 7 7 4 
19:  3 2 6 8 
19:  3 2 7 7 
19:  3 2 8 6 
19:  3 2 9 5 
19:  3 3 4 9 
19:  3 3 5 8 
19:  3 3 6 7 
19:  3 3 7 6 
19:  3 3 8 5 
19:  3 3 9 4 
19:  5 5 3 6 
19:  3 4 3 9 
19:  3 4 4 8 
19:  3 4 5 7 
19:  3 4 6 6 
19:  3 4 7 5 
19:  1 8 1 9 
19:  1 8 2 8 
19:  3 4 8 4 
19:  1 8 3 7 
19:  3 5 3 8 
19:  3 5 4 7 
19:  1 8 4 6 
19:  3 5 5 6 
19:  3 5 6 5 
19:  3 5 7 4 
19:  1 8 5 5 
19:  3 6 1 9 
19:  3 6 2 8 
19:  3 6 3 7 
19:  3 6 4 6 
19:  1 8 6 4 
19:  3 6 5 5 
19:  3 6 6 4 
19:  6 0 6 7 
19:  3 7 0 9 
19:  3 7 1 8 
19:  3 7 2 7 
19:  3 7 3 6 
19:  3 7 4 5 
19:  3 7 5 4 
19:  6 0 5 8 
19:  3 8 1 7 
19:  3 8 2 6 
19:  3 8 3 5 
19:  3 8 4 4 
19:  6 0 4 9 
19:  5 7 1 6 
19:  3 9 1 6 
19:  3 9 2 5 
19:  3 9 3 4 
19:  1 9 0 9 
19:  1 9 1 8 
19:  5 6 1 7 
19:  1 9 2 7 
19:  4 0 6 9 
19:  4 0 7 8 
19:  1 9 3 6 
19:  4 0 8 7 
19:  4 0 9 6 
19:  4 1 5 9 
19:  1 9 4 5 
19:  4 1 6 8 
19:  4 1 7 7 
19:  4 1 8 6 
19:  4 1 9 5 
19:  1 9 5 4 
19:  4 2 4 9 
19:  2 9 3 5 
19:  4 2 5 8 
19:  4 2 6 7 
19:  4 2 7 6 
19:  4 2 8 5 
19:  4 2 9 4 
19:  4 3 3 9 
19:  4 3 4 8 
19:  4 3 5 7 
19:  5 5 4 5 
19:  4 3 6 6 
19:  4 3 7 5 
19:  4 3 8 4 
19:  4 4 2 9 
19:  4 4 3 8 
19:  4 4 4 7 
19:  4 4 5 6 
19:  4 4 6 5 
19:  4 4 7 4 
19:  4 5 1 9 
19:  4 5 2 8 
19:  4 5 3 7 
19:  2 0 8 9 
19:  2 0 9 8 
19:  4 5 4 6 
19:  2 1 7 9 
19:  2 1 8 8 
19:  4 5 5 5 
19:  2 1 9 7 
19:  4 5 6 4 
19:  5 6 2 6 
19:  2 2 6 9 
19:  2 2 7 8 
19:  4 6 0 9 
19:  2 2 8 7 
19:  4 6 1 8 
19:  4 6 2 7 
19:  2 2 9 6 
19:  4 6 3 6 
19:  4 6 4 5 
19:  4 6 5 4 
19:  2 3 5 9 
19:  2 3 6 8 
19:  5 9 1 4 
19:  2 3 7 7 
19:  5 6 3 5 
19:  4 7 1 7 
19:  2 3 8 6 
19:  4 7 2 6 
19:  4 7 3 5 
19:  4 7 4 4 
19:  2 3 9 5 
19:  5 6 4 4 
19:  4 8 1 6 
19:  4 8 2 5 
19:  4 8 3 4 
19:  3 5 2 9 
19:  2 4 5 8 
19:  5 8 2 4 
19:  2 4 6 7 
19:  5 8 1 5 
19:  4 9 1 5 
19:  2 4 7 6 
19:  4 9 2 4 
19:  5 7 3 4 
19:  5 0 5 9 
19:  2 4 8 5 
19:  5 0 6 8 
19:  5 0 7 7 
19:  5 0 8 6 
19:  5 0 9 5 
19:  2 4 9 4 
19:  5 1 4 9 
19:  5 1 5 8 
19:  5 1 6 7 
19:  5 1 7 6 
19:  5 1 8 5 
19:  2 5 3 9 
19:  2 5 4 8 
19:  5 1 9 4 
19:  2 5 5 7 
19:  5 2 3 9 
19:  5 2 4 8 
19:  2 5 6 6 
19:  5 2 5 7 
19:  5 2 6 6 
19:  5 2 7 5 
19:  2 5 7 5 
19:  5 2 8 4 
19:  5 3 2 9 
19:  5 3 3 8 
19:  5 3 4 7 
19:  2 5 8 4 
19:  5 3 5 6 
19:  5 3 6 5 
19:  5 3 7 4 
20:  0 5 9 6 
20:  1 9 1 9 
20:  1 9 2 8 
20:  2 6 8 4 
20:  1 9 3 7 
20:  0 6 7 7 
20:  3 2 6 9 
20:  6 1 5 8 
20:  0 6 8 6 
20:  2 8 5 5 
20:  1 9 4 6 
20:  9 1 6 4 
20:  0 6 9 5 
20:  3 1 7 9 
20:  8 3 0 9 
20:  8 4 3 5 
20:  9 1 5 5 
20:  0 7 4 9 
20:  0 7 5 8 
20:  1 9 5 5 
20:  0 7 6 7 
20:  8 1 6 5 
20:  7 0 8 5 
20:  0 7 7 6 
20:  8 4 2 6 
20:  4 6 4 6 
20:  1 9 6 4 
20:  0 7 8 5 
20:  8 1 4 7 
20:  6 1 6 7 
20:  9 1 4 6 
20:  4 4 5 7 
20:  0 7 9 4 
20:  6 2 3 9 
20:  8 2 1 9 
20:  8 4 1 7 
20:  9 1 3 7 
20:  0 8 3 9 
20:  0 8 4 8 
20:  5 5 5 5 
20:  0 8 5 7 
20:  2 7 2 9 
20:  2 7 3 8 
20:  0 8 6 6 
20:  3 2 7 8 
20:  3 8 2 7 
20:  5 5 4 6 
20:  0 8 7 5 
20:  7 0 9 4 
20:  2 7 4 7 
20:  2 8 6 4 
20:  9 1 2 8 
20:  0 8 8 4 
20:  4 4 7 5 
20:  6 1 7 6 
20:  8 3 5 4 
20:  9 1 1 9 
20:  2 7 5 6 
20:  7 0 6 7 
20:  2 0 9 9 
20:  2 1 8 9 
20:  0 9 2 9 
20:  0 9 3 8 
20:  2 1 9 8 
20:  0 9 4 7 
20:  6 2 7 5 
20:  6 7 2 5 
20:  0 9 5 6 
20:  2 2 7 9 
20:  7 1 6 6 
20:  9 0 7 4 
20:  0 9 6 5 
20:  2 2 8 8 
20:  6 4 6 4 
20:  8 2 6 4 
20:  9 0 6 5 
20:  0 9 7 4 
20:  2 2 9 7 
20:  6 1 8 5 
20:  4 8 1 7 
20:  2 7 6 5 
20:  5 5 2 8 
20:  4 6 5 5 
20:  2 3 6 9 
20:  9 0 5 6 
20:  6 0 8 6 
20:  2 3 7 8 
20:  8 1 5 6 
20:  2 3 8 7 
20:  9 0 4 7 
20:  4 7 0 9 
20:  1 3 7 9 
20:  1 3 8 8 
20:  6 2 4 8 
20:  1 3 9 7 
20:  2 3 9 6 
20:  3 5 7 5 
20:  1 4 6 9 
20:  1 4 7 8 
20:  3 2 8 7 
20:  1 4 8 7 
20:  8 2 5 5 
20:  8 3 4 5 
20:  1 4 9 6 
20:  2 4 5 9 
20:  6 1 9 4 
20:  2 4 6 8 
20:  1 5 5 9 
20:  1 5 6 8 
20:  2 7 7 4 
20:  1 5 7 7 
20:  2 4 7 7 
20:  2 9 0 9 
20:  1 5 8 6 
20:  6 6 4 4 
20:  2 4 8 6 
20:  2 9 1 8 
20:  1 5 9 5 
20:  8 2 4 6 
20:  7 1 5 7 
20:  3 2 9 6 
20:  2 4 9 5 
20:  1 6 4 9 
20:  1 6 5 8 
20:  2 9 2 7 
20:  1 6 6 7 
20:  2 9 4 5 
20:  3 1 8 8 
20:  1 6 7 6 
20:  8 3 3 6 
20:  2 5 4 9 
20:  2 5 5 8 
20:  1 6 8 5 
20:  5 5 6 4 
20:  3 8 1 8 
20:  8 7 1 4 
20:  2 5 6 7 
20:  1 6 9 4 
20:  7 0 7 6 
20:  3 8 0 9 
20:  6 2 5 7 
20:  8 6 2 4 
20:  1 7 3 9 
20:  1 7 4 8 
20:  2 5 7 6 
20:  1 7 5 7 
20:  6 2 8 4 
20:  8 2 3 7 
20:  1 7 6 6 
20:  6 6 3 5 
20:  2 5 8 5 
20:  3 1 9 7 
20:  1 7 7 5 
20:  8 2 2 8 
20:  8 3 2 7 
20:  8 6 1 5 
20:  3 6 2 9 
20:  1 7 8 4 
20:  2 5 9 4 
20:  6 0 5 9 
20:  2 8 1 9 
20:  8 5 3 4 
20:  3 7 6 4 
20:  6 0 7 7 
20:  3 0 8 9 
20:  8 5 2 5 
20:  5 5 3 7 
20:  1 8 2 9 
20:  1 8 3 8 
20:  2 8 2 8 
20:  1 8 4 7 
20:  2 6 3 9 
20:  7 1 4 8 
20:  1 8 5 6 
20:  2 6 4 8 
20:  4 7 1 8 
20:  8 1 7 4 
20:  1 8 6 5 
20:  2 6 5 7 
20:  6 7 1 6 
20:  2 8 3 7 
20:  8 5 1 6 
20:  1 8 7 4 
20:  4 8 4 4 
20:  3 5 8 4 
20:  2 6 6 6 
20:  2 9 3 6 
20:  6 2 6 6 
20:  8 3 1 8 
20:  7 1 3 9 
20:  2 6 7 5 
20:  2 8 4 6 
20:  3 7 5 5 
20:  3 0 9 8 
20:  8 4 4 4 
20:  6 0 9 5 
20:  5 6 4 5 
20:  3 6 3 8 
20:  8 1 3 8 
20:  3 3 5 9 
20:  5 8 3 4 
20:  8 1 2 9 
20:  3 3 6 8 
20:  6 5 0 9 
20:  3 3 7 7 
20:  5 8 2 5 
20:  8 0 8 4 
20:  4 5 7 4 
20:  3 7 4 6 
20:  5 6 5 4 
20:  5 8 1 6 
20:  6 6 2 6 
20:  8 0 7 5 
20:  4 6 6 4 
20:  4 4 4 8 
20:  6 3 2 9 
20:  4 9 1 6 
20:  8 0 6 6 
20:  4 9 2 5 
20:  3 7 3 7 
20:  8 0 5 7 
20:  4 9 3 4 
20:  3 3 8 6 
20:  8 0 4 8 
20:  6 3 3 8 
20:  3 3 9 5 
20:  8 0 3 9 
20:  7 8 1 4 
20:  7 7 2 4 
20:  3 7 2 8 
20:  7 7 1 5 
20:  5 6 3 6 
20:  3 7 1 9 
20:  7 6 3 4 
20:  6 5 4 5 
20:  5 7 4 4 
20:  7 6 2 5 
20:  6 3 4 7 
20:  5 7 3 5 
20:  7 6 1 6 
20:  4 4 3 9 
20:  5 6 1 8 
20:  4 3 9 4 
20:  7 5 4 4 
20:  4 3 8 5 
20:  7 5 3 5 
20:  7 0 5 8 
20:  4 3 7 6 
20:  5 0 6 9 
20:  4 3 6 7 
20:  6 3 5 6 
20:  5 0 7 8 
20:  4 3 5 8 
20:  5 0 8 7 
20:  4 3 4 9 
20:  7 5 2 6 
20:  5 0 9 6 
20:  4 5 5 6 
20:  7 5 1 7 
20:  3 6 4 7 
20:  4 2 9 5 
20:  4 7 5 4 
20:  4 2 8 6 
20:  6 3 6 5 
20:  4 2 7 7 
20:  4 2 6 8 
20:  4 2 5 9 
20:  4 1 9 6 
20:  6 5 1 8 
20:  4 1 8 7 
20:  7 0 4 9 
20:  5 1 5 9 
20:  4 1 7 8 
20:  4 1 6 9 
20:  3 6 5 6 
20:  5 1 6 8 
20:  6 3 7 4 
20:  5 1 7 7 
20:  4 0 9 7 
20:  7 4 5 4 
20:  5 1 8 6 
20:  5 6 2 7 
20:  5 1 9 5 
20:  7 4 4 5 
20:  4 0 8 8 
20:  4 0 7 9 
20:  7 4 3 6 
20:  5 9 2 4 
20:  3 4 4 9 
20:  7 4 2 7 
20:  3 4 5 8 
20:  3 6 7 4 
20:  7 4 1 8 
20:  3 4 6 7 
20:  7 4 0 9 
20:  5 9 1 5 
20:  5 2 4 9 
20:  5 6 0 9 
20:  4 5 3 8 
20:  5 2 5 8 
20:  7 3 6 4 
20:  5 2 6 7 
20:  3 6 6 5 
20:  6 9 1 4 
20:  5 2 7 6 
20:  7 3 5 5 
20:  5 2 8 5 
20:  4 7 4 5 
20:  5 2 9 4 
20:  7 3 4 6 
20:  4 5 6 5 
20:  6 8 2 4 
20:  3 4 7 6 
20:  3 9 4 4 
20:  7 3 3 7 
20:  6 0 6 8 
20:  3 9 3 5 
20:  7 3 2 8 
20:  3 9 2 6 
20:  6 4 1 9 
20:  4 5 4 7 
20:  5 3 3 9 
20:  3 9 1 7 
20:  4 6 1 9 
20:  5 3 4 8 
20:  3 4 8 5 
20:  7 3 1 9 
20:  5 3 5 7 
20:  6 5 2 7 
20:  5 7 1 7 
20:  5 3 6 6 
20:  6 8 1 5 
20:  5 3 7 5 
20:  3 4 9 4 
20:  4 7 3 6 
20:  5 3 8 4 
20:  6 4 2 8 
20:  7 2 7 4 
20:  7 2 6 5 
20:  4 5 2 9 
20:  7 2 5 6 
20:  4 4 6 6 
20:  7 2 4 7 
20:  4 6 2 8 
20:  5 4 2 9 
20:  7 2 3 8 
20:  5 4 3 8 
20:  7 2 2 9 
20:  6 4 3 7 
20:  4 4 8 4 
20:  5 4 4 7 
20:  4 7 2 7 
20:  5 4 5 6 
20:  6 5 5 4 
20:  5 4 6 5 
20:  3 5 3 9 
20:  3 5 4 8 
20:  5 4 7 4 
20:  6 4 4 6 
20:  3 5 5 7 
20:  3 5 6 6 
20:  3 8 5 4 
20:  6 6 1 7 
20:  6 7 3 4 
20:  5 7 2 6 
20:  4 6 3 7 
20:  7 1 8 4 
20:  6 5 3 6 
20:  6 4 5 5 
20:  5 5 1 9 
20:  3 8 4 5 
20:  7 1 7 5 
20:  6 1 4 9 
20:  3 8 3 6 
20:  9 2 0 9 
20:  4 8 2 6 
20:  9 2 1 8 
20:  9 2 2 7 
20:  9 2 3 6 
20:  9 2 4 5 
20:  9 2 5 4 
20:  9 3 1 7 
20:  4 8 3 5 
20:  9 3 2 6 
20:  9 3 3 5 
20:  9 3 4 4 
20:  2 9 5 4 
20:  9 4 1 6 
20:  9 4 2 5 
20:  9 4 3 4 
20:  9 5 1 5 
20:  9 5 2 4 
20:  9 6 1 4 
21:  8 1 4 8 
21:  2 9 4 6 
21:  3 7 5 6 
21:  4 8 4 5 
21:  3 2 9 7 
21:  8 1 3 9 
21:  0 5 9 7 
21:  4 8 5 4 
21:  7 1 6 7 
21:  9 1 6 5 
21:  0 6 6 9 
21:  5 6 4 6 
21:  0 6 7 8 
21:  7 0 5 9 
21:  0 6 8 7 
21:  6 1 5 9 
21:  0 6 9 6 
21:  3 3 6 9 
21:  6 5 3 7 
21:  3 3 7 8 
21:  5 6 3 7 
21:  8 0 9 4 
21:  3 7 4 7 
21:  5 8 2 6 
21:  9 1 5 6 
21:  8 0 8 5 
21:  0 7 5 9 
21:  0 7 6 8 
21:  8 0 7 6 
21:  3 8 2 8 
21:  5 8 1 7 
21:  0 7 7 7 
21:  9 1 4 7 
21:  4 5 7 5 
21:  4 4 4 9 
21:  0 7 8 6 
21:  0 7 9 5 
21:  6 1 6 8 
21:  9 1 3 8 
21:  0 8 4 9 
21:  0 8 5 8 
21:  4 9 1 7 
21:  3 7 3 8 
21:  8 0 6 7 
21:  6 7 2 6 
21:  0 8 6 7 
21:  4 9 2 6 
21:  6 0 8 7 
21:  8 0 5 8 
21:  0 8 7 6 
21:  4 6 4 7 
21:  4 9 3 5 
21:  3 7 2 9 
21:  9 1 2 9 
21:  3 3 8 7 
21:  5 6 5 5 
21:  4 9 4 4 
21:  4 6 6 5 
21:  8 0 4 9 
21:  0 8 8 5 
21:  4 8 1 8 
21:  4 7 6 4 
21:  6 3 3 9 
21:  0 8 9 4 
21:  6 1 7 7 
21:  7 9 1 4 
21:  7 8 2 4 
21:  7 8 1 5 
21:  9 0 8 4 
21:  7 7 3 4 
21:  7 7 2 5 
21:  9 0 7 5 
21:  0 9 3 9 
21:  7 7 1 6 
21:  0 9 4 8 
21:  0 9 5 7 
21:  7 6 4 4 
21:  0 9 6 6 
21:  5 7 5 4 
21:  7 6 3 5 
21:  5 6 6 4 
21:  9 0 6 6 
21:  0 9 7 5 
21:  5 7 4 5 
21:  9 0 5 7 
21:  7 6 2 6 
21:  0 9 8 4 
21:  6 1 8 6 
21:  5 7 3 6 
21:  5 5 2 9 
21:  7 6 1 7 
21:  6 4 6 5 
21:  9 0 4 8 
21:  1 2 9 9 
21:  3 3 9 6 
21:  7 5 5 4 
21:  6 3 4 8 
21:  4 3 9 5 
21:  1 3 8 9 
21:  7 5 4 5 
21:  1 3 9 8 
21:  3 6 7 5 
21:  4 3 8 6 
21:  1 4 7 9 
21:  7 5 3 6 
21:  1 4 8 8 
21:  7 1 5 8 
21:  4 3 7 7 
21:  1 4 9 7 
21:  4 5 8 4 
21:  4 4 5 8 
21:  3 6 3 9 
21:  4 3 6 8 
21:  1 5 6 9 
21:  1 5 7 8 
21:  6 1 9 5 
21:  5 0 7 9 
21:  4 3 5 9 
21:  1 5 8 7 
21:  7 5 2 7 
21:  6 5 6 4 
21:  5 0 8 8 
21:  6 3 5 7 
21:  9 0 3 9 
21:  1 5 9 6 
21:  8 8 1 4 
21:  5 0 9 7 
21:  8 7 2 4 
21:  4 7 5 5 
21:  7 5 1 8 
21:  1 6 5 9 
21:  1 6 6 8 
21:  4 2 9 6 
21:  4 7 1 9 
21:  1 6 7 7 
21:  3 6 4 8 
21:  4 2 8 7 
21:  3 8 1 9 
21:  8 7 1 5 
21:  4 2 7 8 
21:  1 6 8 6 
21:  4 2 6 9 
21:  8 6 3 4 
21:  1 6 9 5 
21:  7 5 0 9 
21:  6 3 6 6 
21:  4 1 9 7 
21:  7 4 6 4 
21:  8 6 2 5 
21:  1 7 4 9 
21:  4 1 8 8 
21:  1 7 5 8 
21:  5 7 1 8 
21:  1 7 6 7 
21:  4 1 7 9 
21:  3 5 7 6 
21:  8 6 1 6 
21:  1 7 7 6 
21:  7 1 4 9 
21:  5 1 6 9 
21:  8 5 4 4 
21:  4 0 9 8 
21:  7 4 5 5 
21:  1 7 8 5 
21:  5 1 7 8 
21:  6 3 7 5 
21:  8 5 3 5 
21:  1 7 9 4 
21:  6 7 1 7 
21:  5 1 8 7 
21:  6 5 1 9 
21:  7 4 4 6 
21:  8 5 2 6 
21:  1 8 3 9 
21:  5 1 9 6 
21:  3 6 5 7 
21:  1 8 4 8 
21:  7 4 3 7 
21:  4 0 8 9 
21:  1 8 5 7 
21:  4 8 0 9 
21:  1 8 6 6 
21:  8 5 1 7 
21:  5 9 2 5 
21:  8 2 2 9 
21:  1 8 7 5 
21:  7 4 2 8 
21:  5 9 3 4 
21:  6 3 8 4 
21:  5 8 3 5 
21:  5 5 7 4 
21:  3 4 5 9 
21:  5 5 3 8 
21:  7 4 1 9 
21:  1 8 8 4 
21:  4 7 4 6 
21:  5 9 1 6 
21:  8 4 5 4 
21:  3 4 6 8 
21:  8 4 4 5 
21:  7 3 7 4 
21:  3 5 8 5 
21:  3 5 9 4 
21:  6 9 2 4 
21:  7 3 6 5 
21:  8 4 3 6 
21:  1 9 2 9 
21:  1 9 3 8 
21:  5 2 5 9 
21:  6 4 7 4 
21:  7 3 5 6 
21:  6 9 1 5 
21:  1 9 4 7 
21:  5 2 6 8 
21:  3 7 7 4 
21:  4 5 3 9 
21:  4 4 9 4 
21:  8 4 2 7 
21:  5 2 7 7 
21:  6 8 3 4 
21:  1 9 6 5 
21:  5 6 1 9 
21:  8 4 1 8 
21:  5 2 8 6 
21:  5 6 2 8 
21:  1 9 7 4 
21:  7 3 4 7 
21:  7 0 9 5 
21:  5 2 9 5 
21:  6 8 2 5 
21:  6 0 7 8 
21:  8 4 0 9 
21:  8 3 6 4 
21:  3 9 5 4 
21:  8 3 5 5 
21:  7 3 3 8 
21:  6 5 4 6 
21:  3 9 4 5 
21:  5 5 4 7 
21:  8 3 4 6 
21:  3 4 7 7 
21:  7 0 8 6 
21:  3 9 3 6 
21:  2 1 9 9 
21:  7 3 2 9 
21:  2 2 8 9 
21:  4 6 7 4 
21:  3 9 2 7 
21:  2 2 9 8 
21:  2 3 7 9 
21:  2 3 8 8 
21:  2 3 9 7 
21:  3 9 1 8 
21:  6 2 4 9 
21:  3 9 0 9 
21:  2 4 6 9 
21:  2 4 7 8 
21:  5 3 4 9 
21:  3 6 6 6 
21:  3 4 8 6 
21:  2 4 8 7 
21:  3 7 6 5 
21:  5 3 5 8 
21:  4 5 6 6 
21:  2 4 9 6 
21:  6 8 1 6 
21:  4 6 5 6 
21:  5 3 6 7 
21:  8 3 3 7 
21:  4 7 3 7 
21:  4 4 8 5 
21:  2 5 5 9 
21:  5 3 7 6 
21:  6 5 2 8 
21:  2 5 6 8 
21:  2 5 7 7 
21:  6 2 5 8 
21:  5 3 8 5 
21:  8 3 2 8 
21:  7 2 8 4 
21:  7 2 7 5 
21:  2 5 8 6 
21:  5 3 9 4 
21:  6 4 2 9 
21:  7 2 6 6 
21:  6 6 5 4 
21:  5 8 4 4 
21:  6 5 5 5 
21:  7 2 5 7 
21:  2 5 9 5 
21:  5 7 0 9 
21:  8 3 1 9 
21:  3 4 9 5 
21:  3 6 8 4 
21:  4 5 4 8 
21:  7 2 4 8 
21:  2 6 4 9 
21:  7 2 3 9 
21:  4 5 5 7 
21:  2 6 5 8 
21:  6 6 4 5 
21:  3 8 6 4 
21:  2 6 6 7 
21:  4 7 2 8 
21:  4 6 2 9 
21:  2 6 7 6 
21:  5 4 3 9 
21:  6 2 6 7 
21:  3 0 9 9 
21:  2 6 8 5 
21:  6 6 0 9 
21:  5 4 4 8 
21:  6 4 3 8 
21:  3 8 5 5 
21:  2 6 9 4 
21:  8 2 7 4 
21:  5 4 5 7 
21:  6 6 1 8 
21:  8 2 6 5 
21:  6 7 4 4 
21:  2 7 3 9 
21:  5 4 6 6 
21:  6 7 3 5 
21:  2 7 4 8 
21:  2 7 5 7 
21:  2 7 6 6 
21:  5 4 7 5 
21:  6 2 7 6 
21:  3 5 4 9 
21:  8 2 5 6 
21:  3 5 5 8 
21:  5 4 8 4 
21:  6 4 4 7 
21:  2 7 7 5 
21:  3 5 6 7 
21:  8 2 4 7 
21:  5 7 2 7 
21:  5 5 5 6 
21:  7 1 9 4 
21:  7 1 8 5 
21:  2 7 8 4 
21:  7 0 7 7 
21:  8 2 3 8 
21:  4 6 3 8 
21:  3 1 8 9 
21:  7 1 7 6 
21:  3 1 9 8 
21:  3 8 4 6 
21:  2 8 2 9 
21:  2 8 3 8 
21:  6 2 8 5 
21:  2 8 4 7 
21:  4 4 6 7 
21:  6 6 3 6 
21:  6 4 5 6 
21:  3 8 3 7 
21:  2 8 5 6 
21:  9 1 7 4 
21:  4 4 7 6 
21:  2 8 6 5 
21:  6 0 6 9 
21:  9 2 1 9 
21:  2 9 6 4 
21:  4 8 2 7 
21:  3 2 7 9 
21:  9 2 2 8 
21:  3 2 8 8 
21:  9 2 3 7 
21:  2 8 7 4 
21:  9 2 4 6 
21:  6 2 9 4 
21:  9 2 5 5 
21:  9 2 6 4 
21:  9 3 0 9 
21:  8 1 8 4 
21:  9 3 1 8 
21:  2 9 5 5 
21:  8 1 7 5 
21:  7 0 6 8 
21:  9 3 2 7 
21:  4 8 3 6 
21:  8 1 6 6 
21:  9 3 3 6 
21:  5 5 6 5 
21:  9 3 4 5 
21:  9 3 5 4 
21:  6 0 9 6 
21:  8 1 5 7 
21:  9 4 1 7 
21:  2 9 1 9 
21:  9 4 2 6 
21:  2 9 2 8 
21:  9 4 3 5 
21:  9 4 4 4 
21:  1 9 5 6 
21:  9 5 1 6 
21:  2 9 3 7 
21:  9 5 2 5 
21:  9 5 3 4 
21:  6 6 2 7 
21:  9 6 1 5 
21:  9 6 2 4 
21:  9 7 1 4 
22:  1 9 8 4 
22:  5 5 4 8 
22:  2 2 9 9 
22:  2 3 8 9 
22:  2 3 9 8 
22:  2 4 7 9 
22:  2 4 8 8 
22:  2 4 9 7 
22:  2 5 6 9 
22:  2 5 7 8 
22:  2 5 8 7 
22:  2 5 9 6 
22:  2 6 5 9 
22:  2 6 6 8 
22:  2 6 7 7 
22:  2 6 8 6 
22:  2 6 9 5 
22:  2 7 4 9 
22:  2 7 5 8 
22:  2 7 6 7 
22:  2 7 7 6 
22:  2 7 8 5 
22:  5 5 5 7 
22:  2 7 9 4 
22:  2 8 3 9 
22:  2 8 4 8 
22:  2 8 5 7 
22:  2 8 6 6 
22:  2 8 7 5 
22:  6 0 9 7 
22:  2 8 8 4 
22:  5 5 6 6 
22:  6 0 8 8 
22:  2 9 2 9 
22:  2 9 3 8 
22:  2 9 4 7 
22:  4 8 4 6 
22:  4 8 5 5 
22:  4 8 6 4 
22:  5 6 4 7 
22:  5 8 2 7 
22:  5 8 1 8 
22:  5 8 0 9 
22:  4 9 0 9 
22:  4 5 7 6 
22:  4 9 1 8 
22:  4 9 2 7 
22:  4 9 3 6 
22:  4 9 4 5 
22:  5 6 5 6 
22:  4 9 5 4 
22:  5 7 6 4 
22:  5 7 5 5 
22:  5 7 4 6 
22:  5 7 3 7 
22:  4 3 9 6 
22:  4 3 8 7 
22:  4 3 7 8 
22:  4 3 6 9 
22:  4 5 8 5 
22:  5 0 8 9 
22:  5 0 9 8 
22:  4 2 9 7 
22:  4 2 8 8 
22:  4 2 7 9 
22:  4 1 9 8 
22:  4 1 8 9 
22:  5 9 1 7 
22:  4 5 9 4 
22:  4 0 9 9 
22:  5 1 7 9 
22:  5 1 8 8 
22:  5 1 9 7 
22:  5 9 2 6 
22:  5 9 3 5 
22:  5 9 4 4 
22:  3 9 6 4 
22:  4 4 9 5 
22:  5 2 6 9 
22:  3 9 5 5 
22:  5 2 7 8 
22:  5 2 8 7 
22:  5 2 9 6 
22:  5 6 6 5 
22:  3 9 4 6 
22:  3 9 3 7 
22:  3 9 2 8 
22:  3 9 1 9 
22:  5 3 5 9 
22:  4 4 8 6 
22:  5 3 6 8 
22:  5 3 7 7 
22:  5 3 8 6 
22:  5 3 9 5 
22:  5 7 2 8 
22:  3 8 7 4 
22:  3 8 6 5 
22:  3 8 5 6 
22:  5 4 4 9 
22:  5 4 5 8 
22:  4 5 4 9 
22:  5 4 6 7 
22:  5 4 7 6 
22:  5 4 8 5 
22:  5 4 9 4 
22:  5 6 7 4 
22:  3 8 4 7 
22:  4 6 3 9 
22:  3 8 3 8 
22:  3 8 2 9 
22:  6 1 6 9 
22:  6 1 7 8 
22:  4 6 4 8 
22:  6 1 8 7 
22:  6 1 9 6 
22:  5 7 1 9 
22:  3 7 8 4 
22:  3 7 7 5 
22:  3 7 6 6 
22:  6 2 5 9 
22:  4 6 5 7 
22:  6 2 6 8 
22:  6 2 7 7 
22:  6 2 8 6 
22:  6 2 9 5 
22:  3 7 5 7 
22:  3 7 4 8 
22:  3 7 3 9 
22:  4 6 6 6 
22:  6 3 4 9 
22:  6 3 5 8 
22:  6 3 6 7 
22:  6 3 7 6 
22:  6 3 8 5 
22:  6 3 9 4 
22:  3 6 9 4 
22:  5 5 8 4 
22:  4 6 7 5 
22:  3 6 8 5 
22:  6 4 3 9 
22:  6 4 4 8 
22:  5 6 2 9 
22:  6 4 5 7 
22:  6 4 6 6 
22:  6 4 7 5 
22:  6 4 8 4 
22:  3 6 7 6 
22:  4 6 8 4 
22:  6 5 2 9 
22:  6 5 3 8 
22:  6 5 4 7 
22:  7 2 7 6 
22:  6 5 5 6 
22:  6 5 6 5 
22:  6 5 7 4 
22:  3 6 6 7 
22:  4 4 7 7 
22:  6 6 1 9 
22:  6 6 2 8 
22:  6 6 3 7 
22:  6 6 4 6 
22:  6 6 5 5 
22:  6 6 6 4 
22:  6 7 0 9 
22:  6 7 1 8 
22:  6 7 2 7 
22:  6 7 3 6 
22:  6 7 4 5 
22:  6 7 5 4 
22:  6 8 1 7 
22:  6 8 2 6 
22:  6 8 3 5 
22:  6 8 4 4 
22:  6 9 1 6 
22:  6 9 2 5 
22:  6 9 3 4 
22:  3 6 5 8 
22:  3 6 4 9 
22:  7 0 6 9 
22:  7 0 7 8 
22:  7 0 8 7 
22:  7 0 9 6 
22:  3 5 9 5 
22:  3 5 8 6 
22:  4 5 5 8 
22:  3 5 7 7 
22:  7 1 5 9 
22:  4 4 6 8 
22:  7 1 6 8 
22:  7 1 7 7 
22:  7 1 8 6 
22:  7 1 9 5 
22:  3 5 6 8 
22:  3 5 5 9 
22:  0 5 8 9 
22:  3 4 9 6 
22:  4 7 2 9 
22:  7 2 4 9 
22:  7 2 5 8 
22:  7 2 6 7 
22:  7 2 8 5 
22:  7 2 9 4 
22:  3 4 8 7 
22:  4 7 3 8 
22:  3 4 7 8 
22:  7 3 3 9 
22:  7 3 4 8 
22:  7 3 5 7 
22:  7 3 6 6 
22:  7 3 7 5 
22:  7 3 8 4 
22:  3 4 6 9 
22:  4 7 4 7 
22:  7 4 2 9 
22:  7 4 3 8 
22:  7 4 4 7 
22:  7 4 5 6 
22:  7 4 6 5 
22:  7 4 7 4 
22:  7 5 1 9 
22:  3 3 9 7 
22:  7 5 2 8 
22:  4 7 5 6 
22:  7 5 3 7 
22:  7 5 4 6 
22:  7 5 5 5 
22:  7 5 6 4 
22:  7 6 0 9 
22:  7 6 1 8 
22:  7 6 2 7 
22:  7 6 3 6 
22:  7 6 4 5 
22:  7 6 5 4 
22:  7 7 1 7 
22:  7 7 2 6 
22:  7 7 3 5 
22:  7 7 4 4 
22:  7 8 1 6 
22:  7 8 2 5 
22:  7 8 3 4 
22:  7 9 1 5 
22:  7 9 2 4 
22:  3 3 8 8 
22:  4 7 6 5 
22:  8 0 5 9 
22:  3 3 7 9 
22:  8 0 6 8 
22:  8 0 7 7 
22:  8 0 8 6 
22:  8 0 9 5 
22:  3 2 9 8 
22:  4 7 7 4 
22:  8 1 4 9 
22:  3 2 8 9 
22:  8 1 5 8 
22:  5 6 3 8 
22:  8 1 6 7 
22:  8 1 7 6 
22:  8 1 8 5 
22:  8 1 9 4 
22:  5 8 5 4 
22:  3 1 9 9 
22:  8 2 3 9 
22:  8 2 4 8 
22:  8 2 5 7 
22:  8 2 6 6 
22:  8 2 7 5 
22:  8 2 8 4 
22:  5 8 4 5 
22:  8 3 2 9 
22:  5 5 7 5 
22:  8 3 3 8 
22:  8 3 4 7 
22:  8 3 5 6 
22:  8 3 6 5 
22:  8 3 7 4 
22:  8 4 1 9 
22:  6 0 7 9 
22:  8 4 2 8 
22:  5 8 3 6 
22:  8 4 3 7 
22:  8 4 4 6 
22:  8 4 5 5 
22:  8 4 6 4 
22:  8 5 0 9 
22:  8 5 1 8 
22:  8 5 2 7 
22:  8 5 3 6 
22:  8 5 4 5 
22:  8 5 5 4 
22:  4 4 5 9 
22:  8 6 1 7 
22:  8 6 2 6 
22:  8 6 3 5 
22:  8 6 4 4 
22:  8 7 1 6 
22:  8 7 2 5 
22:  8 7 3 4 
22:  8 8 1 5 
22:  8 8 2 4 
22:  8 9 1 4 
22:  9 0 4 9 
22:  4 5 6 7 
22:  9 0 5 8 
22:  9 0 6 7 
22:  9 0 7 6 
22:  9 0 8 5 
22:  9 0 9 4 
22:  2 9 7 4 
22:  4 8 1 9 
22:  9 1 3 9 
22:  9 1 4 8 
22:  9 1 5 7 
22:  9 1 6 6 
22:  0 5 9 8 
22:  9 1 7 5 
22:  9 1 8 4 
22:  0 6 7 9 
22:  2 9 6 5 
22:  0 6 8 8 
22:  0 6 9 7 
22:  0 7 6 9 
22:  0 7 7 8 
22:  0 7 8 7 
22:  0 7 9 6 
22:  0 8 5 9 
22:  9 2 2 9 
22:  4 8 2 8 
22:  0 8 6 8 
22:  0 8 7 7 
22:  9 2 3 8 
22:  0 8 8 6 
22:  0 8 9 5 
22:  9 2 4 7 
22:  0 9 4 9 
22:  0 9 5 8 
22:  9 2 5 6 
22:  0 9 6 7 
22:  9 2 6 5 
22:  9 2 7 4 
22:  0 9 7 6 
22:  2 9 5 6 
22:  0 9 8 5 
22:  0 9 9 4 
22:  9 3 1 9 
22:  1 3 9 9 
22:  1 4 8 9 
22:  1 4 9 8 
22:  1 5 7 9 
22:  9 3 2 8 
22:  1 5 8 8 
22:  1 5 9 7 
22:  1 6 6 9 
22:  9 3 3 7 
22:  1 6 7 8 
22:  1 6 8 7 
22:  9 3 4 6 
22:  1 6 9 6 
22:  9 3 5 5 
22:  9 3 6 4 
22:  9 4 0 9 
22:  1 7 5 9 
22:  4 8 3 7 
22:  1 7 6 8 
22:  1 7 7 7 
22:  9 4 1 8 
22:  1 7 8 6 
22:  1 7 9 5 
22:  9 4 2 7 
22:  1 8 4 9 
22:  1 8 5 8 
22:  9 4 3 6 
22:  1 8 6 7 
22:  9 4 4 5 
22:  9 4 5 4 
22:  1 8 7 6 
22:  1 8 8 5 
22:  9 5 1 7 
22:  5 5 3 9 
22:  1 8 9 4 
22:  9 5 2 6 
22:  1 9 3 9 
22:  9 5 3 5 
22:  9 5 4 4 
22:  1 9 4 8 
22:  1 9 5 7 
22:  9 6 1 6 
22:  1 9 6 6 
22:  9 6 2 5 
22:  9 6 3 4 
22:  1 9 7 5 
22:  9 7 1 5 
22:  9 7 2 4 
22:  9 8 1 4 
23:  3 6 5 9 
23:  7 2 9 5 
23:  2 4 8 9 
23:  5 6 5 7 
23:  5 3 7 8 
23:  2 8 6 7 
23:  3 4 8 8 
23:  4 6 9 4 
23:  5 3 6 9 
23:  4 4 8 7 
23:  7 9 1 6 
23:  2 3 9 9 
23:  3 4 7 9 
23:  3 6 6 8 
23:  7 9 2 5 
23:  3 9 2 9 
23:  6 4 6 7 
23:  3 9 3 8 
23:  4 7 3 9 
23:  2 6 8 7 
23:  3 9 4 7 
23:  7 9 3 4 
23:  2 8 5 8 
23:  2 8 4 9 
23:  5 2 9 7 
23:  6 9 3 5 
23:  6 7 1 9 
23:  7 3 4 9 
23:  5 2 8 8 
23:  5 2 7 9 
23:  3 9 5 6 
23:  4 9 5 5 
23:  7 3 5 8 
23:  3 3 8 9 
23:  6 8 3 6 
23:  6 0 9 8 
23:  4 7 8 4 
23:  7 3 6 7 
23:  4 9 4 6 
23:  3 9 6 5 
23:  6 4 5 8 
23:  7 3 7 6 
23:  1 9 8 5 
23:  4 9 3 7 
23:  7 3 8 5 
23:  2 6 7 8 
23:  7 3 9 4 
23:  5 5 5 8 
23:  4 9 2 8 
23:  6 7 2 8 
23:  5 9 5 4 
23:  6 3 7 7 
23:  3 9 7 4 
23:  6 8 4 5 
23:  5 9 4 5 
23:  4 7 6 6 
23:  4 5 7 7 
23:  4 9 1 9 
23:  5 9 3 6 
23:  2 6 6 9 
23:  6 4 4 9 
23:  5 9 2 7 
23:  4 7 4 8 
23:  8 0 6 9 
23:  2 7 9 5 
23:  5 5 4 9 
23:  7 4 3 9 
23:  5 8 1 9 
23:  5 1 9 8 
23:  5 1 8 9 
23:  6 8 5 4 
23:  7 4 4 8 
23:  8 0 7 8 
23:  6 3 6 8 
23:  4 5 9 5 
23:  6 7 3 7 
23:  7 4 5 7 
23:  2 7 8 6 
23:  5 9 1 8 
23:  5 6 3 9 
23:  7 4 6 6 
23:  2 5 9 7 
23:  8 0 8 7 
23:  7 4 7 5 
23:  2 7 7 7 
23:  7 4 8 4 
23:  5 6 4 8 
23:  6 9 4 4 
23:  4 1 9 9 
23:  8 0 9 6 
23:  3 3 9 8 
23:  4 2 8 9 
23:  4 2 9 8 
23:  8 2 4 9 
23:  5 8 4 6 
23:  6 7 4 6 
23:  5 0 9 9 
23:  4 8 7 4 
23:  4 5 8 6 
23:  5 8 2 8 
23:  7 5 2 9 
23:  6 5 3 9 
23:  4 3 7 9 
23:  4 4 9 6 
23:  6 7 5 5 
23:  7 5 3 8 
23:  8 3 4 8 
23:  4 3 8 8 
23:  2 7 6 8 
23:  5 8 5 5 
23:  7 5 4 7 
23:  4 8 6 5 
23:  4 3 9 7 
23:  6 7 6 4 
23:  7 5 5 6 
23:  2 5 8 8 
23:  3 2 9 9 
23:  7 5 6 5 
23:  8 2 5 8 
23:  7 5 7 4 
23:  6 3 9 5 
23:  4 8 5 6 
23:  2 5 7 9 
23:  4 8 4 7 
23:  4 7 5 7 
23:  5 7 2 9 
23:  2 7 5 9 
23:  6 8 0 9 
23:  7 6 1 9 
23:  4 7 7 5 
23:  5 7 3 8 
23:  2 9 4 8 
23:  4 6 7 6 
23:  7 6 2 8 
23:  2 9 3 9 
23:  5 7 4 7 
23:  8 3 5 7 
23:  3 6 8 6 
23:  7 6 3 7 
23:  6 5 6 6 
23:  5 7 5 6 
23:  8 2 6 7 
23:  7 6 4 6 
23:  6 0 8 9 
23:  6 5 4 8 
23:  7 6 5 5 
23:  1 9 9 4 
23:  7 6 6 4 
23:  6 9 1 7 
23:  8 1 5 9 
23:  7 7 0 9 
23:  2 6 9 6 
23:  2 8 9 4 
23:  6 3 5 9 
23:  6 8 1 8 
23:  7 7 1 8 
23:  6 3 8 6 
23:  5 7 6 5 
23:  8 1 6 8 
23:  8 2 7 6 
23:  7 7 2 7 
23:  2 8 8 5 
23:  8 3 6 6 
23:  3 6 9 5 
23:  7 7 3 6 
23:  5 9 0 9 
23:  8 1 7 7 
23:  7 7 4 5 
23:  2 4 9 8 
23:  7 7 5 4 
23:  2 8 7 6 
23:  6 9 2 6 
23:  8 1 8 6 
23:  4 9 6 4 
23:  5 8 6 4 
23:  4 6 8 5 
23:  7 8 1 7 
23:  8 2 8 5 
23:  5 7 7 4 
23:  6 8 2 7 
23:  7 8 2 6 
23:  8 1 9 5 
23:  8 3 3 9 
23:  7 8 3 5 
23:  3 6 7 7 
23:  7 8 4 4 
23:  8 2 9 4 
23:  4 6 6 7 
23:  8 3 7 5 
23:  8 3 8 4 
23:  1 9 7 6 
23:  1 9 6 7 
23:  5 5 8 5 
23:  5 8 3 7 
23:  1 9 5 8 
23:  8 4 2 9 
23:  3 7 4 9 
23:  1 9 4 9 
23:  3 7 5 8 
23:  8 4 3 8 
23:  1 8 9 5 
23:  8 4 4 7 
23:  1 8 8 6 
23:  8 4 5 6 
23:  6 2 9 6 
23:  8 4 6 5 
23:  8 4 7 4 
23:  6 6 2 9 
23:  1 8 7 7 
23:  1 8 6 8 
23:  8 5 1 9 
23:  1 8 5 9 
23:  1 7 9 6 
23:  6 2 8 7 
23:  8 5 2 8 
23:  1 7 8 7 
23:  8 5 3 7 
23:  6 2 7 8 
23:  8 5 4 6 
23:  8 5 5 5 
23:  8 5 6 4 
23:  8 6 0 9 
23:  7 0 7 9 
23:  1 7 7 8 
23:  1 7 6 9 
23:  4 6 5 8 
23:  8 6 1 8 
23:  1 6 9 7 
23:  6 2 6 9 
23:  8 6 2 7 
23:  3 7 6 7 
23:  8 6 3 6 
23:  6 4 9 4 
23:  8 6 4 5 
23:  8 6 5 4 
23:  1 6 8 8 
23:  1 6 7 9 
23:  7 0 8 8 
23:  8 7 1 7 
23:  8 7 2 6 
23:  8 7 3 5 
23:  8 7 4 4 
23:  1 5 9 8 
23:  8 8 1 6 
23:  8 8 2 5 
23:  8 8 3 4 
23:  7 0 9 7 
23:  8 9 1 5 
23:  8 9 2 4 
23:  1 5 8 9 
23:  2 9 8 4 
23:  1 4 9 9 
23:  0 9 9 5 
23:  0 9 8 6 
23:  9 0 5 9 
23:  0 9 7 7 
23:  0 9 6 8 
23:  3 5 9 6 
23:  9 0 6 8 
23:  0 9 5 9 
23:  9 0 7 7 
23:  0 8 9 6 
23:  3 7 7 6 
23:  9 0 8 6 
23:  9 0 9 5 
23:  5 6 7 5 
23:  2 9 7 5 
23:  0 8 8 7 
23:  0 8 7 8 
23:  4 4 6 9 
23:  0 8 6 9 
23:  0 7 9 7 
23:  3 5 8 7 
23:  0 7 8 8 
23:  0 7 7 9 
23:  6 6 3 8 
23:  9 1 4 9 
23:  4 5 6 8 
23:  0 6 9 8 
23:  9 1 5 8 
23:  0 6 8 9 
23:  0 5 9 9 
23:  9 1 6 7 
23:  4 6 4 9 
23:  9 1 7 6 
23:  9 1 8 5 
23:  9 1 9 4 
23:  3 5 7 8 
23:  2 9 6 6 
23:  3 7 8 5 
23:  3 7 9 4 
23:  6 4 8 5 
23:  5 5 6 7 
23:  6 1 9 7 
23:  6 1 8 8 
23:  6 5 5 7 
23:  6 1 7 9 
23:  9 2 3 9 
23:  4 8 2 9 
23:  6 6 4 7 
23:  7 1 6 9 
23:  4 4 7 8 
23:  9 2 4 8 
23:  3 8 3 9 
23:  3 8 4 8 
23:  9 2 5 7 
23:  7 1 7 8 
23:  9 2 6 6 
23:  9 2 7 5 
23:  9 2 8 4 
23:  2 9 5 7 
23:  6 4 7 6 
23:  7 1 8 7 
23:  5 4 9 5 
23:  6 5 7 5 
23:  7 1 9 6 
23:  3 5 6 9 
23:  6 6 5 6 
23:  9 3 2 9 
23:  5 4 8 6 
23:  5 6 8 4 
23:  9 3 3 8 
23:  4 5 5 9 
23:  5 4 7 7 
23:  9 3 4 7 
23:  5 4 6 8 
23:  9 3 5 6 
23:  9 3 6 5 
23:  9 3 7 4 
23:  3 8 5 7 
23:  5 5 7 6 
23:  5 5 9 4 
23:  9 4 1 9 
23:  4 8 3 8 
23:  3 8 6 6 
23:  3 4 9 7 
23:  6 6 6 5 
23:  9 4 2 8 
23:  9 4 3 7 
23:  6 6 7 4 
23:  3 8 7 5 
23:  9 4 4 6 
23:  9 4 5 5 
23:  9 4 6 4 
23:  9 5 0 9 
23:  3 8 8 4 
23:  9 5 1 8 
23:  7 2 5 9 
23:  9 5 2 7 
23:  5 3 9 6 
23:  9 5 3 6 
23:  7 2 6 8 
23:  9 5 4 5 
23:  9 5 5 4 
23:  5 6 6 6 
23:  9 6 1 7 
23:  5 4 5 9 
23:  7 2 7 7 
23:  9 6 2 6 
23:  9 6 3 5 
23:  9 6 4 4 
23:  5 3 8 7 
23:  6 5 8 4 
23:  9 7 1 6 
23:  7 2 8 6 
23:  9 7 2 5 
23:  9 7 3 4 
23:  9 8 1 5 
23:  9 8 2 4 
23:  9 9 1 4 
24:  3 9 3 9 
24:  4 6 5 9 
24:  6 5 8 5 
24:  3 9 4 8 
24:  5 2 9 8 
24:  1 8 9 6 
24:  5 2 8 9 
24:  4 6 9 5 
24:  8 4 3 9 
24:  7 3 5 9 
24:  1 8 8 7 
24:  3 7 5 9 
24:  3 9 5 7 
24:  8 4 4 8 
24:  5 9 5 5 
24:  6 2 9 7 
24:  6 4 5 9 
24:  8 4 5 7 
24:  7 3 6 8 
24:  7 3 7 7 
24:  8 4 6 6 
24:  6 5 9 4 
24:  8 4 7 5 
24:  8 4 8 4 
24:  7 3 8 6 
24:  1 8 7 8 
24:  7 3 9 5 
24:  1 8 6 9 
24:  3 9 6 6 
24:  6 2 8 8 
24:  5 9 4 6 
24:  3 9 7 5 
24:  1 7 9 7 
24:  5 9 3 7 
24:  3 9 8 4 
24:  6 7 2 9 
24:  8 5 2 9 
24:  1 7 8 8 
24:  5 9 2 8 
24:  6 2 7 9 
24:  5 9 1 9 
24:  8 5 3 8 
24:  1 7 7 9 
24:  5 1 9 9 
24:  4 6 7 7 
24:  8 5 4 7 
24:  5 8 7 4 
24:  4 7 4 9 
24:  8 5 5 6 
24:  4 6 8 6 
24:  8 5 6 5 
24:  8 5 7 4 
24:  7 4 4 9 
24:  4 5 9 6 
24:  7 4 5 8 
24:  6 7 3 8 
24:  7 4 6 7 
24:  3 6 7 8 
24:  8 6 1 9 
24:  1 6 9 8 
24:  7 4 7 6 
24:  7 4 8 5 
24:  7 4 9 4 
24:  8 6 2 8 
24:  1 6 8 9 
24:  3 3 9 9 
24:  4 2 9 9 
24:  8 6 3 7 
24:  6 5 5 8 
24:  4 5 8 7 
24:  8 6 4 6 
24:  6 7 4 7 
24:  8 6 5 5 
24:  8 6 6 4 
24:  8 7 0 9 
24:  7 5 3 9 
24:  4 3 8 9 
24:  6 7 5 6 
24:  7 5 4 8 
24:  8 7 1 8 
24:  1 5 9 9 
24:  7 0 8 9 
24:  7 5 5 7 
24:  8 7 2 7 
24:  3 7 6 8 
24:  6 7 6 5 
24:  8 7 3 6 
24:  7 5 6 6 
24:  8 7 4 5 
24:  8 7 5 4 
24:  7 5 7 5 
24:  5 5 8 6 
24:  7 5 8 4 
24:  8 8 1 7 
24:  6 4 8 6 
24:  6 7 7 4 
24:  8 8 2 6 
24:  4 3 9 8 
24:  8 8 3 5 
24:  8 8 4 4 
24:  4 5 7 8 
24:  4 7 5 8 
24:  8 9 1 6 
24:  5 7 3 9 
24:  8 9 2 5 
24:  8 9 3 4 
24:  7 6 2 9 
24:  2 9 8 5 
24:  5 7 4 8 
24:  7 6 3 8 
24:  0 9 9 6 
24:  3 6 8 7 
24:  7 0 9 8 
24:  0 9 8 7 
24:  5 6 7 6 
24:  7 6 4 7 
24:  0 9 7 8 
24:  3 5 9 7 
24:  7 6 5 6 
24:  7 6 6 5 
24:  0 9 6 9 
24:  7 6 7 4 
24:  5 6 9 4 
24:  4 9 7 4 
24:  9 0 6 9 
24:  5 7 5 7 
24:  0 8 9 7 
24:  6 5 6 7 
24:  7 7 1 9 
24:  9 0 7 8 
24:  5 6 5 8 
24:  6 8 1 9 
24:  7 7 2 8 
24:  9 0 8 7 
24:  5 5 7 7 
24:  4 9 6 5 
24:  9 0 9 6 
24:  0 8 8 8 
24:  7 7 3 7 
24:  2 9 7 6 
24:  3 6 9 6 
24:  7 7 4 6 
24:  0 8 7 9 
24:  7 7 5 5 
24:  7 7 6 4 
24:  7 8 0 9 
24:  3 5 8 8 
24:  0 7 9 8 
24:  5 7 6 6 
24:  7 8 1 8 
24:  5 5 6 8 
24:  0 7 8 9 
24:  7 8 2 7 
24:  6 8 2 8 
24:  7 8 3 6 
24:  7 8 4 5 
24:  7 8 5 4 
24:  0 6 9 9 
24:  6 3 9 6 
24:  3 7 7 7 
24:  7 9 1 7 
24:  9 1 5 9 
24:  7 9 2 6 
24:  7 9 3 5 
24:  6 6 3 9 
24:  7 9 4 4 
24:  9 1 6 8 
24:  4 9 5 6 
24:  5 6 8 5 
24:  5 7 7 5 
24:  9 1 7 7 
24:  3 5 7 9 
24:  4 9 4 7 
24:  9 1 8 6 
24:  4 9 3 8 
24:  9 1 9 5 
24:  6 8 3 7 
24:  2 9 6 7 
24:  4 9 2 9 
24:  6 5 4 9 
24:  3 7 8 6 
24:  6 8 4 6 
24:  4 7 6 7 
24:  3 7 9 5 
24:  5 7 8 4 
24:  6 1 9 8 
24:  8 0 7 9 
24:  6 1 8 9 
24:  6 4 7 7 
24:  2 9 5 8 
24:  5 6 4 9 
24:  4 8 8 4 
24:  6 8 5 5 
24:  4 4 9 7 
24:  8 0 8 8 
24:  6 8 6 4 
24:  8 0 9 7 
24:  4 8 7 5 
24:  5 8 2 9 
24:  4 8 6 6 
24:  9 2 4 9 
24:  4 8 5 7 
24:  6 9 0 9 
24:  6 6 4 8 
24:  4 8 4 8 
24:  9 2 5 8 
24:  2 9 4 9 
24:  7 1 7 9 
24:  6 3 8 7 
24:  9 2 6 7 
24:  3 8 4 9 
24:  3 6 6 9 
24:  9 2 7 6 
24:  4 7 7 6 
24:  9 2 8 5 
24:  9 2 9 4 
24:  5 4 9 6 
24:  2 8 9 5 
24:  6 9 1 8 
24:  4 5 6 9 
24:  2 8 8 6 
24:  7 1 8 8 
24:  8 1 6 9 
24:  8 1 7 8 
24:  8 1 8 7 
24:  7 1 9 7 
24:  6 9 2 7 
24:  8 1 9 6 
24:  5 5 5 9 
24:  5 4 8 7 
24:  2 8 6 8 
24:  6 6 5 7 
24:  2 8 5 9 
24:  5 8 4 7 
24:  9 3 3 9 
24:  6 0 9 9 
24:  5 4 7 8 
24:  6 9 4 5 
24:  2 7 9 6 
24:  9 3 4 8 
24:  5 4 6 9 
24:  4 7 8 5 
24:  2 7 8 7 
24:  9 3 5 7 
24:  4 4 7 9 
24:  6 9 3 6 
24:  9 3 6 6 
24:  2 7 7 8 
24:  9 3 7 5 
24:  9 3 8 4 
24:  2 7 6 9 
24:  6 5 7 6 
24:  6 3 7 8 
24:  3 4 9 8 
24:  3 8 5 8 
24:  8 2 5 9 
24:  2 6 9 7 
24:  6 9 5 4 
24:  8 2 6 8 
24:  5 8 6 5 
24:  8 2 7 7 
24:  6 4 9 5 
24:  9 4 2 9 
24:  6 6 6 6 
24:  3 8 6 7 
24:  5 5 9 5 
24:  8 2 8 6 
24:  9 4 3 8 
24:  8 2 9 5 
24:  2 6 8 8 
24:  2 6 7 9 
24:  9 4 4 7 
24:  3 8 7 6 
24:  2 5 9 8 
24:  9 4 5 6 
24:  2 5 8 9 
24:  9 4 6 5 
24:  9 4 7 4 
24:  6 3 6 9 
24:  4 8 3 9 
24:  4 7 9 4 
24:  3 8 8 5 
24:  6 6 7 5 
24:  2 4 9 9 
24:  9 5 1 9 
24:  1 9 9 5 
24:  5 6 6 7 
24:  5 3 9 7 
24:  8 3 4 9 
24:  9 5 2 8 
24:  1 9 8 6 
24:  6 6 8 4 
24:  4 6 6 8 
24:  9 5 3 7 
24:  8 3 5 8 
24:  2 8 7 7 
24:  9 5 4 6 
24:  8 3 6 7 
24:  9 5 5 5 
24:  9 5 6 4 
24:  9 6 0 9 
24:  7 2 6 9 
24:  7 2 9 6 
24:  5 3 8 8 
24:  5 3 7 9 
24:  9 6 1 8 
24:  8 3 7 6 
24:  3 4 8 9 
24:  8 3 8 5 
24:  9 6 2 7 
24:  7 2 7 8 
24:  8 3 9 4 
24:  9 6 3 6 
24:  1 9 7 7 
24:  9 6 4 5 
24:  9 6 5 4 
24:  2 9 9 4 
24:  3 8 9 4 
24:  5 8 3 8 
24:  9 7 1 7 
24:  1 9 6 8 
24:  5 9 6 4 
24:  9 7 2 6 
24:  5 8 5 6 
24:  9 7 3 5 
24:  9 7 4 4 
24:  7 2 8 7 
24:  6 4 6 8 
24:  9 8 1 6 
24:  4 4 8 8 
24:  9 8 2 5 
24:  9 8 3 4 
24:  1 9 5 9 
24:  9 9 1 5 
24:  9 9 2 4 
25:  3 5 8 9 
25:  8 8 3 6 
25:  3 5 9 8 
25:  8 8 4 5 
25:  8 8 5 4 
25:  3 6 7 9 
25:  8 1 8 8 
25:  3 6 8 8 
25:  8 9 1 7 
25:  7 1 9 8 
25:  3 6 9 7 
25:  8 9 2 6 
25:  8 1 9 7 
25:  8 9 3 5 
25:  8 9 4 4 
25:  3 7 6 9 
25:  3 7 7 8 
25:  6 7 3 9 
25:  7 5 4 9 
25:  3 7 8 7 
25:  3 7 9 6 
25:  3 8 5 9 
25:  3 8 6 8 
25:  7 5 5 8 
25:  6 7 4 8 
25:  3 8 7 7 
25:  3 8 8 6 
25:  7 5 6 7 
25:  3 8 9 5 
25:  6 7 5 7 
25:  7 5 7 6 
25:  3 9 4 9 
25:  7 5 8 5 
25:  7 5 9 4 
25:  3 9 5 8 
25:  6 7 6 6 
25:  3 9 6 7 
25:  6 7 7 5 
25:  6 7 8 4 
25:  9 0 7 9 
25:  3 9 7 6 
25:  3 9 8 5 
25:  3 9 9 4 
25:  4 3 9 9 
25:  9 0 8 8 
25:  4 4 8 9 
25:  4 4 9 8 
25:  4 5 7 9 
25:  9 0 9 7 
25:  6 4 6 9 
25:  4 5 8 8 
25:  4 5 9 7 
25:  4 6 6 9 
25:  4 6 7 8 
25:  8 2 6 9 
25:  6 8 2 9 
25:  7 6 3 9 
25:  6 4 7 8 
25:  4 6 8 7 
25:  8 2 7 8 
25:  4 6 9 6 
25:  4 7 5 9 
25:  7 6 4 8 
25:  8 2 8 7 
25:  6 8 3 8 
25:  6 4 8 7 
25:  8 2 9 6 
25:  4 7 6 8 
25:  7 6 5 7 
25:  4 7 7 7 
25:  6 8 4 7 
25:  7 6 6 6 
25:  6 4 9 6 
25:  7 6 7 5 
25:  7 6 8 4 
25:  7 2 7 9 
25:  4 7 8 6 
25:  6 8 5 6 
25:  4 7 9 5 
25:  9 1 6 9 
25:  6 8 6 5 
25:  7 2 8 8 
25:  6 8 7 4 
25:  4 8 4 9 
25:  9 1 7 8 
25:  4 8 5 8 
25:  7 2 9 7 
25:  4 8 6 7 
25:  9 1 8 7 
25:  4 8 7 6 
25:  7 7 2 9 
25:  9 1 9 6 
25:  4 8 8 5 
25:  4 8 9 4 
25:  6 9 1 9 
25:  4 9 3 9 
25:  7 7 3 8 
25:  4 9 4 8 
25:  4 9 5 7 
25:  4 9 6 6 
25:  7 7 4 7 
25:  8 3 5 9 
25:  6 9 2 8 
25:  4 9 7 5 
25:  7 7 5 6 
25:  4 9 8 4 
25:  8 3 6 8 
25:  7 7 6 5 
25:  7 7 7 4 
25:  5 2 9 9 
25:  8 3 7 7 
25:  6 9 3 7 
25:  6 2 8 9 
25:  8 3 8 6 
25:  5 3 8 9 
25:  8 3 9 5 
25:  6 9 4 6 
25:  5 3 9 8 
25:  7 8 1 9 
25:  6 9 5 5 
25:  6 9 6 4 
25:  5 4 7 9 
25:  9 2 5 9 
25:  5 4 8 8 
25:  7 8 2 8 
25:  6 2 9 8 
25:  5 4 9 7 
25:  9 2 6 8 
25:  5 5 6 9 
25:  7 8 3 7 
25:  5 5 7 8 
25:  9 2 7 7 
25:  5 5 8 7 
25:  7 8 4 6 
25:  9 2 8 6 
25:  5 5 9 6 
25:  9 2 9 5 
25:  7 8 5 5 
25:  7 8 6 4 
25:  7 9 0 9 
25:  5 6 5 9 
25:  5 6 6 8 
25:  5 6 7 7 
25:  5 6 8 6 
25:  7 9 1 8 
25:  8 4 4 9 
25:  6 5 5 9 
25:  5 6 9 5 
25:  5 7 4 9 
25:  7 9 2 7 
25:  8 4 5 8 
25:  5 7 5 8 
25:  7 3 6 9 
25:  7 9 3 6 
25:  8 4 6 7 
25:  5 7 6 7 
25:  7 9 4 5 
25:  8 4 7 6 
25:  7 9 5 4 
25:  8 4 8 5 
25:  8 4 9 4 
25:  9 3 4 9 
25:  6 5 6 8 
25:  5 7 7 6 
25:  5 7 8 5 
25:  7 3 7 8 
25:  9 3 5 8 
25:  5 7 9 4 
25:  6 5 7 7 
25:  5 8 3 9 
25:  9 3 6 7 
25:  7 3 8 7 
25:  5 8 4 8 
25:  9 3 7 6 
25:  6 5 8 6 
25:  9 3 8 5 
25:  9 3 9 4 
25:  7 3 9 6 
25:  5 8 5 7 
25:  6 5 9 5 
25:  5 8 6 6 
25:  5 8 7 5 
25:  5 8 8 4 
25:  5 9 2 9 
25:  5 9 3 8 
25:  8 5 3 9 
25:  5 9 4 7 
25:  5 9 5 6 
25:  5 9 6 5 
25:  5 9 7 4 
25:  8 5 4 8 
25:  7 0 9 9 
25:  0 7 9 9 
25:  0 8 8 9 
25:  8 5 5 7 
25:  9 4 3 9 
25:  0 8 9 8 
25:  0 9 7 9 
25:  8 5 6 6 
25:  0 9 8 8 
25:  9 4 4 8 
25:  8 5 7 5 
25:  8 5 8 4 
25:  0 9 9 7 
25:  9 4 5 7 
25:  1 6 9 9 
25:  8 0 8 9 
25:  9 4 6 6 
25:  1 7 8 9 
25:  9 4 7 5 
25:  9 4 8 4 
25:  1 7 9 8 
25:  1 8 7 9 
25:  1 8 8 8 
25:  8 0 9 8 
25:  1 8 9 7 
25:  1 9 6 9 
25:  1 9 7 8 
25:  6 3 7 9 
25:  8 6 2 9 
25:  6 6 4 9 
25:  1 9 8 7 
25:  1 9 9 6 
25:  9 5 2 9 
25:  7 4 5 9 
25:  8 6 3 8 
25:  2 5 9 9 
25:  2 6 8 9 
25:  9 5 3 8 
25:  6 6 5 8 
25:  8 6 4 7 
25:  6 3 8 8 
25:  9 5 4 7 
25:  7 4 6 8 
25:  8 6 5 6 
25:  9 5 5 6 
25:  2 6 9 8 
25:  9 5 6 5 
25:  9 5 7 4 
25:  8 6 6 5 
25:  8 6 7 4 
25:  2 7 7 9 
25:  6 6 6 7 
25:  7 4 7 7 
25:  2 7 8 8 
25:  9 6 1 9 
25:  6 3 9 7 
25:  7 4 8 6 
25:  8 7 1 9 
25:  6 6 7 6 
25:  9 6 2 8 
25:  7 4 9 5 
25:  2 7 9 7 
25:  6 6 8 5 
25:  9 6 3 7 
25:  8 7 2 8 
25:  6 6 9 4 
25:  9 6 4 6 
25:  2 8 6 9 
25:  9 6 5 5 
25:  9 6 6 4 
25:  9 7 0 9 
25:  2 8 7 8 
25:  8 7 3 7 
25:  2 8 8 7 
25:  2 8 9 6 
25:  9 7 1 8 
25:  8 7 4 6 
25:  2 9 5 9 
25:  8 7 5 5 
25:  9 7 2 7 
25:  8 7 6 4 
25:  8 8 0 9 
25:  9 7 3 6 
25:  2 9 6 8 
25:  9 7 4 5 
25:  9 7 5 4 
25:  2 9 7 7 
25:  2 9 8 6 
25:  2 9 9 5 
25:  9 8 1 7 
25:  8 8 1 8 
25:  3 4 9 9 
25:  9 8 2 6 
25:  6 1 9 9 
25:  9 8 3 5 
25:  9 8 4 4 
25:  8 1 7 9 
25:  8 8 2 7 
25:  9 9 1 6 
25:  7 1 8 9 
25:  9 9 2 5 
25:  9 9 3 4 
26:  4 7 7 8 
26:  4 7 6 9 
26:  7 7 3 9 
26:  8 2 7 9 
26:  5 6 7 8 
26:  5 8 5 8 
26:  8 7 2 9 
26:  7 9 5 5 
26:  8 2 8 8 
26:  6 4 9 7 
26:  4 6 9 7 
26:  5 6 6 9 
26:  5 8 6 7 
26:  8 2 9 7 
26:  6 9 6 5 
26:  7 6 6 7 
26:  8 7 3 8 
26:  9 2 9 6 
26:  9 2 8 7 
26:  7 7 4 8 
26:  5 8 7 6 
26:  7 3 7 9 
26:  3 8 9 6 
26:  8 7 4 7 
26:  6 2 9 9 
26:  7 9 4 6 
26:  7 3 8 8 
26:  3 6 9 8 
26:  6 7 4 9 
26:  2 8 9 7 
26:  5 8 8 5 
26:  7 3 9 7 
26:  7 6 7 6 
26:  8 7 5 6 
26:  7 7 5 7 
26:  7 8 2 9 
26:  6 7 5 8 
26:  9 2 7 8 
26:  7 9 3 7 
26:  8 7 6 5 
26:  5 8 9 4 
26:  6 7 6 7 
26:  9 2 6 9 
26:  7 7 6 6 
26:  3 8 8 7 
26:  6 4 8 8 
26:  6 7 7 6 
26:  8 7 7 4 
26:  7 9 2 8 
26:  2 9 6 9 
26:  7 7 7 5 
26:  6 7 8 5 
26:  8 3 6 9 
26:  3 7 9 7 
26:  2 9 7 8 
26:  7 9 1 9 
26:  9 0 8 9 
26:  8 3 7 8 
26:  6 4 7 9 
26:  6 7 9 4 
26:  7 7 8 4 
26:  9 9 4 4 
26:  8 3 8 7 
26:  9 9 3 5 
26:  5 8 4 9 
26:  9 9 2 6 
26:  9 9 1 7 
26:  8 3 9 6 
26:  4 7 8 7 
26:  9 8 5 4 
26:  9 8 4 5 
26:  9 8 3 6 
26:  9 8 2 7 
26:  6 6 9 5 
26:  4 6 8 8 
26:  4 6 7 9 
26:  7 6 8 5 
26:  4 5 9 8 
26:  4 5 8 9 
26:  4 4 9 9 
26:  7 4 6 9 
26:  3 8 7 8 
26:  9 8 1 8 
26:  8 8 1 9 
26:  6 6 8 6 
26:  7 4 7 8 
26:  9 8 0 9 
26:  3 9 9 5 
26:  7 6 9 4 
26:  5 5 9 7 
26:  7 4 8 7 
26:  2 9 8 7 
26:  8 8 2 8 
26:  9 0 9 8 
26:  9 7 6 4 
26:  7 4 9 6 
26:  9 7 5 5 
26:  4 7 9 6 
26:  8 8 3 7 
26:  3 9 8 6 
26:  6 8 3 9 
26:  8 4 5 9 
26:  3 8 6 9 
26:  9 7 4 6 
26:  5 9 3 9 
26:  9 7 3 7 
26:  8 4 6 8 
26:  6 6 7 7 
26:  6 8 4 8 
26:  8 8 4 6 
26:  3 9 7 7 
26:  8 4 7 7 
26:  2 9 9 6 
26:  9 7 2 8 
26:  6 6 6 8 
26:  5 5 8 8 
26:  8 4 8 6 
26:  6 9 7 4 
26:  8 8 5 5 
26:  7 8 7 4 
26:  6 8 5 7 
26:  8 4 9 5 
26:  4 8 5 9 
26:  9 7 1 9 
26:  4 8 6 8 
26:  8 8 6 4 
26:  9 1 9 7 
26:  7 2 9 8 
26:  5 9 4 8 
26:  4 8 7 7 
26:  6 8 6 6 
26:  6 6 5 9 
26:  9 6 7 4 
26:  7 8 3 8 
26:  3 9 6 8 
26:  6 8 7 5 
26:  9 6 6 5 
26:  9 6 5 6 
26:  7 2 8 9 
26:  9 6 4 7 
26:  6 8 8 4 
26:  4 8 8 6 
26:  9 6 3 8 
26:  8 1 9 8 
26:  7 5 5 9 
26:  4 8 9 5 
26:  9 6 2 9 
26:  8 1 8 9 
26:  5 7 9 5 
26:  7 5 6 8 
26:  8 5 4 9 
26:  9 5 8 4 
26:  9 5 7 5 
26:  9 5 6 6 
26:  5 7 8 6 
26:  8 5 5 8 
26:  5 6 9 6 
26:  7 5 7 7 
26:  9 5 5 7 
26:  8 9 0 9 
26:  8 5 6 7 
26:  7 8 6 5 
26:  3 7 7 9 
26:  9 5 4 8 
26:  3 9 5 9 
26:  8 5 7 6 
26:  5 7 7 7 
26:  8 9 1 8 
26:  9 1 8 8 
26:  7 5 8 6 
26:  8 5 8 5 
26:  5 6 8 7 
26:  7 8 5 6 
26:  4 9 4 9 
26:  8 9 2 7 
26:  8 5 9 4 
26:  9 1 7 9 
26:  4 9 5 8 
26:  9 5 3 9 
26:  5 7 6 8 
26:  8 9 3 6 
26:  3 5 9 9 
26:  6 5 9 6 
26:  6 5 8 7 
26:  5 5 7 9 
26:  7 5 9 5 
26:  4 9 6 7 
26:  8 9 4 5 
26:  7 8 4 7 
26:  5 7 5 9 
26:  5 9 5 7 
26:  6 5 7 8 
26:  9 4 9 4 
26:  8 9 5 4 
26:  3 6 8 9 
26:  5 9 6 6 
26:  9 4 8 5 
26:  6 3 8 9 
26:  4 9 7 6 
26:  8 6 3 9 
26:  9 4 7 6 
26:  6 9 2 9 
26:  5 4 9 8 
26:  5 9 7 5 
26:  8 6 4 8 
26:  6 5 6 9 
26:  6 3 9 8 
26:  3 7 8 8 
26:  6 9 3 8 
26:  8 6 5 7 
26:  9 4 6 7 
26:  7 1 9 9 
26:  9 4 5 8 
26:  8 0 9 9 
26:  8 6 6 6 
26:  4 9 8 5 
26:  9 4 4 9 
26:  4 9 9 4 
26:  5 3 9 9 
26:  8 6 7 5 
26:  5 4 8 9 
26:  0 8 9 9 
26:  0 9 8 9 
26:  0 9 9 8 
26:  8 6 8 4 
26:  1 7 9 9 
26:  1 8 8 9 
26:  1 8 9 8 
26:  1 9 7 9 
26:  1 9 8 8 
26:  1 9 9 7 
26:  9 3 9 5 
26:  9 3 8 6 
26:  2 6 9 9 
26:  2 7 8 9 
26:  9 3 7 7 
26:  2 7 9 8 
26:  6 9 4 7 
26:  2 8 7 9 
26:  9 3 6 8 
26:  2 8 8 8 
26:  7 6 4 9 
26:  5 9 8 4 
26:  6 9 5 6 
26:  9 3 5 9 
26:  7 9 6 4 
26:  7 6 5 8 
27:  8 9 4 6 
27:  5 8 5 9 
27:  4 6 9 8 
27:  8 2 8 9 
27:  8 2 9 8 
27:  8 9 5 5 
27:  5 8 6 8 
27:  8 9 6 4 
27:  4 6 8 9 
27:  7 7 4 9 
27:  5 8 7 7 
27:  5 9 9 4 
27:  7 7 5 8 
27:  7 3 8 9 
27:  5 5 9 8 
27:  7 3 9 8 
27:  7 7 6 7 
27:  5 8 8 6 
27:  7 7 7 6 
27:  6 7 5 9 
27:  7 7 8 5 
27:  9 0 9 9 
27:  6 7 6 8 
27:  7 7 9 4 
27:  5 8 9 5 
27:  3 8 9 7 
27:  6 7 7 7 
27:  3 8 8 8 
27:  3 8 7 9 
27:  3 7 9 8 
27:  6 7 8 6 
27:  3 7 8 9 
27:  9 3 6 9 
27:  7 8 3 9 
27:  8 3 7 9 
27:  6 7 9 5 
27:  3 6 9 9 
27:  8 3 8 8 
27:  7 8 4 8 
27:  7 8 5 7 
27:  9 1 8 9 
27:  8 3 9 7 
27:  7 8 6 6 
27:  9 1 9 8 
27:  7 8 7 5 
27:  7 8 8 4 
27:  2 9 9 7 
27:  4 5 9 9 
27:  2 9 8 8 
27:  2 9 7 9 
27:  7 9 2 9 
27:  3 9 9 6 
27:  7 4 7 9 
27:  6 4 8 9 
27:  7 4 8 8 
27:  2 8 9 8 
27:  7 9 3 8 
27:  3 9 8 7 
27:  7 4 9 7 
27:  9 2 7 9 
27:  2 8 8 9 
27:  9 2 8 8 
27:  5 5 8 9 
27:  3 9 7 8 
27:  8 4 6 9 
27:  6 8 4 9 
27:  8 4 7 8 
27:  7 9 4 7 
27:  3 9 6 9 
27:  8 4 8 7 
27:  9 2 9 7 
27:  7 9 5 6 
27:  8 4 9 6 
27:  7 9 6 5 
27:  7 9 7 4 
27:  6 4 9 8 
27:  6 8 5 8 
27:  2 7 9 9 
27:  5 9 4 9 
27:  6 8 6 7 
27:  9 3 7 8 
27:  9 3 8 7 
27:  6 8 7 6 
27:  9 3 9 6 
27:  1 9 9 8 
27:  1 9 8 9 
27:  6 8 8 5 
27:  1 8 9 9 
27:  0 9 9 9 
27:  4 9 9 5 
27:  4 9 8 6 
27:  6 8 9 4 
27:  9 4 5 9 
27:  7 5 6 9 
27:  5 6 8 8 
27:  9 4 6 8 
27:  4 9 7 7 
27:  8 5 5 9 
27:  7 5 7 8 
27:  9 4 7 7 
27:  8 5 6 8 
27:  9 4 8 6 
27:  9 4 9 5 
27:  8 5 7 7 
27:  6 5 7 9 
27:  4 9 6 8 
27:  8 5 8 6 
27:  6 5 8 8 
27:  4 9 5 9 
27:  5 6 7 9 
27:  8 5 9 5 
27:  6 5 9 7 
27:  5 7 6 9 
27:  9 5 4 9 
27:  5 7 7 8 
27:  7 5 8 7 
27:  9 5 5 8 
27:  9 5 6 7 
27:  7 5 9 6 
27:  5 7 8 7 
27:  9 5 7 6 
27:  9 5 8 5 
27:  5 9 5 8 
27:  9 5 9 4 
27:  5 6 9 7 
27:  5 4 9 9 
27:  5 9 6 7 
27:  5 7 9 6 
27:  4 8 9 6 
27:  8 6 4 9 
27:  6 3 9 9 
27:  8 6 5 8 
27:  8 1 9 9 
27:  6 9 3 9 
27:  5 9 7 6 
27:  8 6 6 7 
27:  9 6 3 9 
27:  4 8 8 7 
27:  9 6 4 8 
27:  8 6 7 6 
27:  9 6 5 7 
27:  4 8 7 8 
27:  9 6 6 6 
27:  8 6 8 5 
27:  9 6 7 5 
27:  9 6 8 4 
27:  4 8 6 9 
27:  7 2 9 9 
27:  8 6 9 4 
27:  6 6 6 9 
27:  9 7 2 9 
27:  4 7 9 7 
27:  9 7 3 8 
27:  6 6 7 8 
27:  9 7 4 7 
27:  6 9 4 8 
27:  9 7 5 6 
27:  9 7 6 5 
27:  6 9 5 7 
27:  9 7 7 4 
27:  7 6 5 9 
27:  6 6 8 7 
27:  5 9 8 5 
27:  8 7 3 9 
27:  7 6 6 8 
27:  9 8 1 9 
27:  6 9 6 6 
27:  8 7 4 8 
27:  9 8 2 8 
27:  6 6 9 6 
27:  8 7 5 7 
27:  9 8 3 7 
27:  9 8 4 6 
27:  7 6 7 7 
27:  8 7 6 6 
27:  9 8 5 5 
27:  9 8 6 4 
27:  9 9 0 9 
27:  8 7 7 5 
27:  4 7 8 8 
27:  9 9 1 8 
27:  4 7 7 9 
27:  9 9 2 7 
27:  8 7 8 4 
27:  9 9 3 6 
27:  9 9 4 5 
27:  9 9 5 4 
27:  7 6 8 6 
27:  7 6 9 5 
27:  8 8 2 9 
27:  8 8 3 8 
27:  8 8 4 7 
27:  8 8 5 6 
27:  8 8 6 5 
27:  8 8 7 4 
27:  6 9 7 5 
27:  8 9 1 9 
27:  6 9 8 4 
27:  8 9 2 8 
27:  8 9 3 7 
28:  4 6 9 9 
28:  8 2 9 9 
28:  5 8 6 9 
28:  5 5 9 9 
28:  5 8 7 8 
28:  7 6 9 6 
28:  7 3 9 9 
28:  5 8 8 7 
28:  9 7 5 7 
28:  9 7 4 8 
28:  6 7 6 9 
28:  5 8 9 6 
28:  6 7 7 8 
28:  9 2 9 8 
28:  8 8 3 9 
28:  6 7 8 7 
28:  9 5 8 6 
28:  6 6 7 9 
28:  6 7 9 6 
28:  8 3 8 9 
28:  9 7 3 9 
28:  7 9 4 8 
28:  8 3 9 8 
28:  4 7 9 8 
28:  8 8 4 8 
28:  9 2 8 9 
28:  4 8 9 7 
28:  4 9 9 6 
28:  7 8 8 5 
28:  3 9 9 7 
28:  7 7 8 6 
28:  7 4 8 9 
28:  3 9 8 8 
28:  7 4 9 8 
28:  8 8 5 7 
28:  3 9 7 9 
28:  8 4 7 9 
28:  8 4 8 8 
28:  9 5 7 7 
28:  8 4 9 7 
28:  4 9 8 7 
28:  8 9 7 4 
28:  6 8 5 9 
28:  6 8 6 8 
28:  8 9 2 9 
28:  6 8 7 7 
28:  7 7 9 5 
28:  6 9 8 5 
28:  6 8 8 6 
28:  8 8 6 6 
28:  9 6 9 4 
28:  9 5 6 8 
28:  6 8 9 5 
28:  9 6 8 5 
28:  4 9 7 8 
28:  5 7 9 7 
28:  7 5 7 9 
28:  8 5 6 9 
28:  8 9 6 5 
28:  8 5 7 8 
28:  9 6 7 6 
28:  8 5 8 7 
28:  9 4 6 9 
28:  2 9 9 8 
28:  8 5 9 6 
28:  7 8 9 4 
28:  9 6 6 7 
28:  7 8 5 8 
28:  7 5 8 8 
28:  9 4 7 8 
28:  7 5 9 7 
28:  2 8 9 9 
28:  7 7 6 8 
28:  5 9 5 9 
28:  8 9 5 6 
28:  5 9 6 8 
28:  5 9 9 5 
28:  8 6 5 9 
28:  8 6 6 8 
28:  9 4 8 7 
28:  5 9 7 7 
28:  8 6 7 7 
28:  7 7 7 7 
28:  8 8 7 5 
28:  8 6 8 6 
28:  3 8 9 8 
28:  9 6 5 8 
28:  9 4 9 6 
28:  8 6 9 5 
28:  5 7 7 9 
28:  7 7 5 9 
28:  4 8 7 9 
28:  4 9 6 9 
28:  5 6 8 9 
28:  6 9 4 9 
28:  5 7 8 8 
28:  6 9 5 8 
28:  9 6 4 9 
28:  7 6 6 9 
28:  8 7 4 9 
28:  6 9 6 7 
28:  8 7 5 8 
28:  8 9 4 7 
28:  8 7 6 7 
28:  7 9 3 9 
28:  9 9 6 4 
28:  8 7 7 6 
28:  4 8 8 8 
28:  9 9 5 5 
28:  9 9 4 6 
28:  8 7 8 5 
28:  9 5 9 5 
28:  9 9 3 7 
28:  8 7 9 4 
28:  7 9 8 4 
28:  3 8 8 9 
28:  9 9 2 8 
28:  7 9 7 5 
28:  7 8 6 7 
28:  9 9 1 9 
28:  6 5 8 9 
28:  9 8 7 4 
28:  9 8 6 5 
28:  7 9 6 6 
28:  9 8 5 6 
28:  9 1 9 9 
28:  9 8 4 7 
28:  9 5 5 9 
28:  6 4 9 9 
28:  9 8 3 8 
28:  2 9 8 9 
28:  6 9 7 6 
28:  6 9 9 4 
28:  7 6 7 8 
28:  6 6 9 7 
28:  9 8 2 9 
28:  7 9 5 7 
28:  9 3 7 9 
28:  4 7 8 9 
28:  3 7 9 9 
28:  7 6 8 7 
28:  7 8 4 9 
28:  9 3 8 8 
28:  8 9 3 8 
28:  1 9 9 9 
28:  6 6 8 8 
28:  7 8 7 6 
28:  9 3 9 7 
28:  8 8 8 4 
28:  5 6 9 8 
28:  6 5 9 8 
28:  9 7 8 4 
28:  9 7 7 5 
28:  5 9 8 6 
28:  9 7 6 6 
29:  5 8 7 9 
29:  5 8 8 8 
29:  9 7 7 6 
29:  6 7 7 9 
29:  5 8 9 7 
29:  6 7 8 8 
29:  9 7 8 5 
29:  6 7 9 7 
29:  9 7 9 4 
29:  8 3 9 9 
29:  7 6 8 8 
29:  6 6 8 9 
29:  6 9 6 8 
29:  7 6 7 9 
29:  3 9 9 8 
29:  3 9 8 9 
29:  7 4 9 9 
29:  8 4 8 9 
29:  8 4 9 8 
29:  7 9 5 8 
29:  6 8 6 9 
29:  6 8 7 8 
29:  9 8 3 9 
29:  6 8 8 7 
29:  6 6 9 8 
29:  9 8 4 8 
29:  6 8 9 6 
29:  9 8 5 7 
29:  9 8 6 6 
29:  9 8 7 5 
29:  8 5 7 9 
29:  8 5 8 8 
29:  9 8 8 4 
29:  8 5 9 7 
29:  7 9 6 7 
29:  5 6 9 9 
29:  7 5 8 9 
29:  7 5 9 8 
29:  8 7 9 5 
29:  3 8 9 9 
29:  5 9 6 9 
29:  8 6 6 9 
29:  8 6 7 8 
29:  9 9 2 9 
29:  8 6 8 7 
29:  7 9 7 6 
29:  9 9 3 8 
29:  8 6 9 6 
29:  9 9 4 7 
29:  9 9 5 6 
29:  9 9 6 5 
29:  5 9 7 8 
29:  9 9 7 4 
29:  6 9 5 9 
29:  8 7 5 9 
29:  8 7 6 8 
29:  8 7 7 7 
29:  8 7 8 6 
29:  7 9 8 5 
29:  7 9 9 4 
29:  7 8 6 8 
29:  6 9 9 5 
29:  9 3 8 9 
29:  9 3 9 8 
29:  7 8 7 7 
29:  8 9 8 4 
29:  4 9 9 7 
29:  8 9 7 5 
29:  4 9 8 8 
29:  7 8 8 6 
29:  4 9 7 9 
29:  8 9 6 6 
29:  7 8 9 5 
29:  9 4 7 9 
29:  8 9 5 7 
29:  9 4 8 8 
29:  9 4 9 7 
29:  8 9 4 8 
29:  8 9 3 9 
29:  2 9 9 9 
29:  7 7 8 7 
29:  6 5 9 9 
29:  6 9 8 6 
29:  6 9 7 7 
29:  7 7 7 8 
29:  9 6 7 7 
29:  9 5 6 9 
29:  9 5 7 8 
29:  8 8 9 4 
29:  7 7 6 9 
29:  9 5 8 7 
29:  9 5 9 6 
29:  5 7 8 9 
29:  5 7 9 8 
29:  4 8 9 8 
29:  8 8 8 5 
29:  7 8 5 9 
29:  4 8 8 9 
29:  5 9 9 6 
29:  7 7 9 6 
29:  8 8 7 6 
29:  9 6 5 9 
29:  9 6 6 8 
29:  9 6 8 6 
29:  9 6 9 5 
29:  8 8 6 7 
29:  8 8 5 8 
29:  8 8 4 9 
29:  4 7 9 9 
29:  5 9 8 7 
29:  9 7 4 9 
29:  7 6 9 7 
29:  9 2 9 9 
29:  9 7 5 8 
29:  7 9 4 9 
29:  9 7 6 7 
30:  5 8 8 9 
30:  6 7 8 9 
30:  6 7 9 8 
30:  5 9 9 7 
30:  5 8 9 8 
30:  9 7 7 7 
30:  3 9 9 9 
30:  8 4 9 9 
30:  6 8 7 9 
30:  6 8 8 8 
30:  8 9 4 9 
30:  6 8 9 7 
30:  9 9 3 9 
30:  8 9 9 4 
30:  8 5 8 9 
30:  8 5 9 8 
30:  7 9 7 7 
30:  7 5 9 9 
30:  8 6 7 9 
30:  8 6 8 8 
30:  9 7 8 6 
30:  8 6 9 7 
30:  9 4 8 9 
30:  9 9 4 8 
30:  5 9 7 9 
30:  9 6 6 9 
30:  7 7 7 9 
30:  8 7 7 8 
30:  8 8 8 6 
30:  7 8 8 7 
30:  9 6 7 8 
30:  9 7 9 5 
30:  7 8 9 6 
30:  8 7 6 9 
30:  8 9 5 8 
30:  9 6 8 7 
30:  9 9 6 6 
30:  7 6 8 9 
30:  8 9 6 7 
30:  9 3 9 9 
30:  9 6 9 6 
30:  9 5 9 7 
30:  9 9 7 5 
30:  9 9 8 4 
30:  8 8 6 8 
30:  4 8 9 9 
30:  5 9 8 8 
30:  9 9 5 7 
30:  9 5 8 8 
30:  8 8 5 9 
30:  9 5 7 9 
30:  4 9 8 9 
30:  7 7 8 8 
30:  4 9 9 8 
30:  7 8 6 9 
30:  7 9 5 9 
30:  6 9 9 6 
30:  8 9 7 6 
30:  7 7 9 7 
30:  6 9 6 9 
30:  9 8 4 9 
30:  6 9 7 8 
30:  9 8 5 8 
30:  9 8 6 7 
30:  7 9 9 5 
30:  9 8 7 6 
30:  8 9 8 5 
30:  9 8 8 5 
30:  9 8 9 4 
30:  7 6 9 8 
30:  8 8 9 5 
30:  5 7 9 9 
30:  8 8 7 7 
30:  6 6 9 9 
30:  9 7 5 9 
30:  7 9 6 8 
30:  8 7 9 6 
30:  9 4 9 8 
30:  6 9 8 7 
30:  9 7 6 8 
30:  7 9 8 6 
30:  8 7 8 7 
30:  7 8 7 8 
31:  6 7 9 9 
31:  5 8 9 9 
31:  6 8 8 9 
31:  6 8 9 8 
31:  9 8 7 7 
31:  8 5 9 9 
31:  8 6 8 9 
31:  8 6 9 8 
31:  9 9 6 7 
31:  8 9 5 9 
31:  9 9 8 5 
31:  9 6 7 9 
31:  5 9 8 9 
31:  7 8 8 8 
31:  9 5 9 8 
31:  9 6 8 8 
31:  9 4 9 9 
31:  7 7 9 8 
31:  9 6 9 7 
31:  9 8 8 6 
31:  9 9 9 4 
31:  8 9 6 8 
31:  9 9 7 6 
31:  8 8 6 9 
31:  6 9 8 8 
31:  4 9 9 9 
31:  9 8 9 5 
31:  8 9 7 7 
31:  7 6 9 9 
31:  8 7 9 7 
31:  7 7 8 9 
31:  7 9 6 9 
31:  7 9 8 7 
31:  8 9 8 6 
31:  6 9 7 9 
31:  7 8 9 7 
31:  5 9 9 8 
31:  7 8 7 9 
31:  8 8 9 6 
31:  6 9 9 7 
31:  9 7 6 9 
31:  8 7 8 8 
31:  9 7 7 8 
31:  8 8 7 8 
31:  8 8 8 7 
31:  9 7 8 7 
31:  8 7 7 9 
31:  9 5 8 9 
31:  9 7 9 6 
31:  9 8 5 9 
31:  9 9 4 9 
31:  7 9 7 8 
31:  7 9 9 6 
31:  9 9 5 8 
31:  8 9 9 5 
31:  9 8 6 8 
32:  6 8 9 9 
32:  8 6 9 9 
32:  7 8 8 9 
32:  9 6 8 9 
32:  9 5 9 9 
32:  9 6 9 8 
32:  8 8 9 7 
32:  8 9 6 9 
32:  8 9 9 6 
32:  5 9 9 9 
32:  8 9 7 8 
32:  9 8 7 8 
32:  7 7 9 9 
32:  8 9 8 7 
32:  8 8 8 8 
32:  6 9 9 8 
32:  8 8 7 9 
32:  9 7 7 9 
32:  9 7 8 8 
32:  9 8 8 7 
32:  9 7 9 7 
32:  8 7 8 9 
32:  7 9 9 7 
32:  9 8 9 6 
32:  8 7 9 8 
32:  9 9 5 9 
32:  6 9 8 9 
32:  9 9 6 8 
32:  9 8 6 9 
32:  7 9 8 8 
32:  9 9 7 7 
32:  7 8 9 8 
32:  9 9 8 6 
32:  7 9 7 9 
32:  9 9 9 5 
33:  8 8 8 9 
33:  7 9 8 9 
33:  9 8 8 8 
33:  9 8 7 9 
33:  9 6 9 9 
33:  7 8 9 9 
33:  8 9 7 9 
33:  9 8 9 7 
33:  8 9 8 8 
33:  9 9 6 9 
33:  9 7 8 9 
33:  9 9 8 7 
33:  9 7 9 8 
33:  8 8 9 8 
33:  9 9 7 8 
33:  6 9 9 9 
33:  8 9 9 7 
33:  7 9 9 8 
33:  8 7 9 9 
33:  9 9 9 6 
34:  8 8 9 9 
34:  9 9 7 9 
34:  9 8 9 8 
34:  8 9 8 9 
34:  8 9 9 8 
34:  9 9 8 8 
34:  9 8 8 9 
34:  7 9 9 9 
34:  9 7 9 9 
34:  9 9 9 7 
35:  8 9 9 9 
35:  9 8 9 9 
35:  9 9 8 9 
35:  9 9 9 8 
36:  9 9 9 9 
